>M00008_2.00
0.28295895050258896	0.248464961579856	0.24599269390504502	0.22258339401250998
0.31665902396267703	0.18453249282953102	0.236944410987863	0.261864072219928
0.377777871501523	0.11265233353358699	0.20941258176308603	0.300157213201805
0.6163930334523089	0.0689847041998677	0.11148441459121801	0.203137847756605
0.675764369206464	0.0427703219414491	0.0631709440515372	0.21829436480055
0.326032179952778	0.133886990300119	0.0820227041025529	0.458058125644551
0.321153050529938	0.137265609257083	0.11238357564255498	0.429197764570424
>M00070_2.00
0.268573054262532	0.272224098600492	0.178881124892159	0.28032172197256
0.509792991184065	0.0988059539387115	0.292595100666254	0.0988059539387115
0.848015945733017	0.0506613513315748	0.0506613513315748	0.0506613513315748
0.9998925296514691	3.58233587579233e-05	3.58233587579233e-05	3.58233587579233e-05
3.58233587579233e-05	0.903786029772174	3.58233587579233e-05	0.0961423232380522
0.903786029772174	3.58233587579233e-05	3.58233587579233e-05	0.0961423232380522
0.9998925296514691	3.58233587579233e-05	3.58233587579233e-05	3.58233587579233e-05
3.58233587579233e-05	3.58233587579233e-05	3.58233587579233e-05	0.9998925296514691
0.591260021970652	0.071154698398535	0.071154698398535	0.26643058096002104
0.345743240642011	0.151229869351982	0.25762548136395497	0.24540140836979502
0.199374471959119	0.199374471959119	0.199374471959119	0.40187658385038705
>M00153_2.00
0.328843577877036	0.158472676531907	0.193558964202559	0.319124781388498
0.34006247008962104	0.13825908277589802	0.13825908277589802	0.3834193643585829
0.250780641145707	0.15210614773010597	0.248285332074236	0.348827879049951
0.14666225553578197	0.21232802399048198	0.47729386085815007	0.16371585961558702
0.0491484979435091	0.10938199373242999	0.8412141669005508	0.00025534142351
0.0986661116261265	0.8816027342520509	9.02047344252513e-06	0.0197221336483805
0.0012280856392551	1.33726536030681e-05	0.9779480646279091	0.0208104770792331
0.0225806909007298	0.6245898258175141	0.326064480811723	0.0267650024700323
0.13556626962152	0.28413815903175393	0.361210393228366	0.21908517811835998
0.23482140428296	0.292605487709977	0.182879093545217	0.289694014461846
>M00154_2.00
0.323790592755454	0.15760580150149697	0.18495212138838601	0.333651484354664
0.356499378697037	0.12351128115075301	0.133798173580769	0.38619116657144004
0.252757883752165	0.14437759417213503	0.24775294232253198	0.355111579753168
0.126742173966619	0.20076898056657003	0.545746671500192	0.126742173966619
0.0232070150549405	0.0747728316544645	0.9018557685128009	0.000164384777794226
0.0697405548006561	0.911217845043276	0.00022419972329277402	0.0188174004327752
0.00017553967584163401	2.54792677191168e-05	0.982509300727006	0.0172896803294328
0.0114090466118411	0.610578337618563	0.359389443932401	0.0186231718371942
0.10846386661200501	0.261495504132897	0.38622383726551207	0.24381679198958603
0.25079721074565803	0.271685375006052	0.16811439786399598	0.309403016384294
>M00160_2.00
0.27234211625268	0.21328671951678302	0.238265246125668	0.27610603260575106
0.383328193588782	0.0712158008913969	0.521887986157601	0.0235682185335831
0.11742758264235198	0.10526520597022601	0.0210018079705617	0.7563055080973851
0.8349385026045909	0.15226585006491597	7.0390373555883406e-06	0.0127883643888478
0.9082916124719341	0.0590962010588429	0.00296668656625975	0.0296454989332124
0.977392902172744	0.0144893649085107	0.00162798954200791	0.00648962664276037
0.00128198537517329	0.8436319706146109	6.761262093822791e-07	0.15508512995906304
0.9651643240519909	0.0120825995700766	0.00683096886814409	0.0159216749084756
0.4796537457066121	0.164188799651585	0.11469392096836001	0.241463306001435
0.4170433958676	0.18522058114513104	0.142284706891523	0.25545144260555497
>M00163_2.00
0.30946717411988595	0.142959086584206	0.5473358705994289	0.000237868696479543
0.295052424639581	0.000163826998689384	0.000163826998689384	0.704619921363041
0.619510135135135	0.29574887387387394	0.00014076576576576598	0.0846002252252252
0.8885341476957249	0.0695446973903387	0.000138811771238201	0.0417823431426985
0.9995835646862851	0.000138811771238201	0.000138811771238201	0.000138811771238201
0.000138811771238201	0.957940033314825	0.000138811771238201	0.0417823431426985
0.9995716733295259	0.000142775556824672	0.000142775556824672	0.000142775556824672
0.660067873303167	0.132164404223228	0.0567496229260935	0.151018099547511
>M00164_2.00
0.3662825360568471	0.166235422614399	0.164581352522887	0.302900688805867
0.34513928815794104	0.17139109828052201	0.19518504736675402	0.288284566194783
0.267835598131953	0.18133993296251003	0.196443204228677	0.35438126467686
0.346821123737411	0.10872362955115301	0.41939330432504296	0.125061942386393
0.14696921545559302	0.100506574798746	0.0318240771518093	0.720700132593852
0.7000159432492299	0.254959092577518	0.00071971722441527	0.044305246948835995
0.906191774842258	0.0534769626307807	0.000316399683627942	0.0400148628433332
0.934400201891173	0.0007709782078054651	0.0235683527929789	0.041260467108043
0.0330484336064883	0.6006270363025601	0.0333805758860472	0.332943954204905
0.853101249169001	0.04788863631889599	0.04555307996613201	0.0534570345459708
>M00187_2.00
0.112835584572791	0.35993798588826	0.30671891909597604	0.22050751044297304
0.105430787301848	0.000349257674818788	0.8439174592709979	0.050302495752336
0.0424409336458691	0.0706765130996614	0.0596272874636096	0.8272552657908601
0.192405718073809	0.221319256245381	0.0140076871063394	0.5722673385744711
0.304136672299663	0.0284309170257433	0.48661690958528897	0.180815501089305
0.0691491785888586	0.656069139502986	0.0607195777721196	0.214062104136036
0.0713944591003391	0.379259346423031	0.11309410532481401	0.436252089151815
0.515964630284678	0.0835995567028914	0.266677007742875	0.13375880526955497
0.266259671311265	0.17670329747917	0.27712593463181606	0.27991109657775
0.176933801050619	0.21182821873450197	0.476170344631603	0.135067635583277
>M00197_2.00
0.312218590091993	0.201080143373413	0.253079470436568	0.233621796098026
0.315225743470047	0.161303716891014	0.28522804782471994	0.23824249181422
0.42523056621574296	0.166106895635502	0.217594128294243	0.19106840985451198
0.6029190739271421	0.0430250705743831	0.0297188933256784	0.324336962172797
0.0582108950853009	0.5047546843229	0.245690481330408	0.191343939261391
0.9718327323320429	0.0164312285533999	0.000386425457465573	0.0113496136570912
0.890195843552127	0.031231946211952005	0.0783700224764826	0.000202187759438616
0.180232868149339	0.0521565476072301	0.0440026441726176	0.7236079400708141
>M00199_2.00
0.272019199095257	0.220494477395863	0.24613314976971898	0.26135317373916195
0.262728625640726	0.21296368491732395	0.281778600446024	0.242529088995926
0.27278568220718397	0.20616698352384602	0.316931746506273	0.204115587762696
0.471452910968308	0.150779608847361	0.193604850070073	0.184162630114258
0.40697785861081504	0.050843830254233	0.0450944321343712	0.49708387900058
0.0803233307973417	0.409960217252368	0.41824196299711297	0.0914744889531773
0.9342691194882521	0.000353371465391893	2.70454778527533e-05	0.0653504635685038
0.9419361002899259	0.0228268491814618	0.0350907456405559	0.000146304888056164
0.115516865688	0.0534858184308519	0.0351426869076893	0.7958546289734592
>M00201_2.00
0.8069584969134781	0.0184169647796695	0.0149285015095173	0.159696036797335
0.000157524588859826	0.0635499547647673	0.00941050187272624	0.926882018773647
0.000161598135965983	0.000156822189278747	7.94487858777095e-05	0.999602130888878
0.261590376745779	0.0787895073837275	0.649874867366293	0.009745248504200991
0.0832980933950098	0.0233927386641846	0.0285719555243901	0.8647372124164151
0.10248424117983401	0.262357753050303	0.14255231314300001	0.492605692626863
0.24585838129041798	0.288517483160959	0.199288930620812	0.266335204927811
0.20176072465591	0.2723484911859	0.161916774232915	0.36397400992527396
0.224773236137717	0.24841284373696	0.285742785443484	0.241071134681838
0.19369516134596199	0.30991113338324	0.195641830080553	0.300751875190245
>M00202_2.00
0.631817077418172	0.0561821964854463	0.0627149538857502	0.249285772210632
0.000159884593228424	0.0544181089015741	0.0415416684579456	0.9038803380472521
0.0900567940610594	0.000543590277255171	0.0200943868863885	0.8893052287752969
0.201839793489984	0.25916742492920203	0.44920272134973993	0.0897900602310741
0.32527102907238503	0.0690381168832244	0.0904374788584672	0.515253375185923
0.239856660496963	0.22815871312911604	0.19835165624148	0.33363297013244103
0.238055922287077	0.260474668246287	0.19884102054247602	0.30262838892415994
0.252608922990197	0.23789812454149303	0.22181474109232602	0.287678211375984
0.254385740784225	0.249348565625695	0.24441113321807395	0.251854560372006
>M00203_2.00
0.7113974249359108	0.0626291760243144	0.0749807369720422	0.15099266206773299
0.013622589533716999	0.10269150630803	0.0366615825496741	0.8470243216085792
0.0357064593868912	0.0053405658295399795	0.00048935435888526	0.9584636204246841
0.163602538544889	0.110768223414463	0.6768434061287699	0.0487858319118779
0.0839742722644965	0.0358918578705256	0.0341413913067298	0.845992478558248
0.11741882591448101	0.271985090762129	0.13917710398878	0.471418979334611
0.22307792663590803	0.34292822103369897	0.166921085240789	0.267072767089604
0.215725854380904	0.282593200330156	0.17662139122163395	0.32505955406730497
>M00204_2.00
0.30404569978107204	0.20792512073058397	0.241574525182085	0.24645465430625801
0.316486474923307	0.18259681171195	0.261721381215763	0.23919533214898103
0.34713453369203096	0.194360058411647	0.22581417127560102	0.23269123662072
0.595860948370394	0.0729670034987495	0.0634344654055111	0.26773758272534504
0.0784312742797353	0.5038218604625271	0.22865692915089603	0.189089936106841
0.883669313552388	0.0253830826205186	0.000562189056722227	0.0903854147703708
0.902298038132001	0.031974697447599995	0.0548688002313628	0.010858464189036
0.18265222547719698	0.0632809247976183	0.0424184724263827	0.711648377298802
>M00205_2.00
0.219704693756174	0.3480284897333	0.0911297525998388	0.34113706391068704
0.588174839607179	0.0372266257207374	0.07059958387278999	0.303998950799294
0.00030931713755448303	0.0350442590153206	0.0517596974980682	0.912886726349057
0.0252515799085562	0.0204685328604588	0.00197168542927037	0.9523082018017149
0.15833581025834698	0.11613091810137101	0.702551114018348	0.0229821576219344
0.113178245703981	0.038052392941476	0.0290484164832957	0.8197209448712478
0.10999125792839098	0.29306689369646804	0.16408767509112	0.43285417328402104
0.21807479996011897	0.312573025338198	0.156779149363486	0.312573025338198
0.195621672137349	0.256257436281237	0.20565140974100501	0.342469481840409
0.219141803285941	0.249564905549491	0.247081693249318	0.28421159791524997
>M00206_2.00
0.329744004549503	0.19603958629187196	0.241849736482702	0.23236667267592198
0.31597477823931003	0.16168700440754902	0.28590580251137	0.23643241484177102
0.38755891897349604	0.18490975334965198	0.214834483250624	0.212696844426228
0.6967678176199681	0.0589360076347961	0.0544047920391829	0.189891382706053
0.0465359212845988	0.507869494868367	0.19838796145654802	0.24720662239048605
0.9976117821218059	0.00129093170018852	0.000814944069858771	0.000282342108147136
0.902273166809847	0.0543213491694069	0.0431601372500868	0.000245346770659287
0.22114778494918697	0.0354751052002388	0.0308405748581958	0.7125365349923791
>M00208_2.00
0.6105072667068321	0.0801812900653711	0.0801812900653711	0.22913015316242602
0.027959046879859	0.0874214632878697	0.0551877400442034	0.8294317497880679
0.0774341518084521	0.0308589839306914	0.020893287211679	0.8708135770491781
0.237747436287488	0.20668769168636802	0.478764543461499	0.076800328564645
0.240465342333301	0.078458982525308	0.0776783026054413	0.6033973725359489
0.222149224043847	0.224381860862727	0.20506958005475198	0.34839933503867404
0.230661467872392	0.27340415687397396	0.18144473711028503	0.314489638143348
0.23623977419888395	0.248352046427588	0.218076797232624	0.297331382140904
0.24013185702114198	0.25498078177226896	0.25244368060329503	0.25244368060329503
>M00209_2.00
0.298568628902177	0.21251228937269398	0.246904054787523	0.24201502693760604
0.319249593338884	0.175207891660419	0.266659675329238	0.23888283967145899
0.357639051200971	0.192389938280343	0.23734724580447397	0.21262376471421301
0.67959854598896	0.0552297772466033	0.0563454927561736	0.20882618400826303
0.0568531235570021	0.555834819086255	0.186880833987697	0.200431223369046
0.9316083274691228	0.0119044523547012	0.00095782755543542	0.0555293926207398
0.86901361542825	0.0262419373598126	0.0812360239482673	0.0235084232636701
0.183811159275027	0.0599738673090221	0.0471771149630974	0.7090378584528529
>M00210_2.00
0.582312545673708	0.0454679337191554	0.0651705268149834	0.307048993792153
0.000166176289790289	0.0269853447524101	0.0427467825950795	0.93010169636272
0.000693727266847134	0.00419680539960017	0.00845132823517253	0.9866581390983801
0.162207363222591	0.112042194467007	0.7125681355038058	0.0131823068065953
0.0628896656710114	0.0207258528847895	0.00825964701858828	0.9081248344256109
0.115258560982728	0.28066953937186	0.20177999311708103	0.40229190652833097
0.23959085858220897	0.30457967538506503	0.151249790647661	0.30457967538506503
0.24519058818117398	0.23091179992003102	0.215300735191341	0.308596876707454
0.21343227039680301	0.285236752976003	0.24064421289295604	0.260686763734237
>M00211_2.00
0.808544857583562	0.0360618731026327	0.0295249645237182	0.12586830479008698
0.000357429075605236	0.0687984814443798	0.022901025079427	0.907943064400588
0.000145589035995261	0.00350094366658062	0.00106506150788751	0.9952884057895359
0.268340642584199	0.11700974570630301	0.5912608128103659	0.0233887988991314
0.14024573040341	0.0168339234181268	0.0195582286661499	0.823362117512313
0.200067469663743	0.216730502546257	0.192222711972151	0.39097931581784895
0.20589636179805104	0.32943298325531606	0.16359157808809	0.30107907685854307
0.18891186499798301	0.27901919632019606	0.19466508780379999	0.33740385087802
0.236555371267411	0.251183138490798	0.280390229161103	0.23187126108068698
0.20775085840118698	0.30076810891462397	0.19370561645571202	0.29777541622847803
>M00212_2.00
0.25	0.00124378109452736	0.623134328358209	0.12562189054726403
0.914451827242525	0.000830564784053156	0.0838870431893688	0.000830564784053156
0.9976993865030681	0.000766871165644172	0.000766871165644172	0.000766871165644172
0.000766871165644172	0.9976993865030681	0.000766871165644172	0.000766871165644172
0.9976993865030681	0.000766871165644172	0.000766871165644172	0.000766871165644172
0.9976993865030681	0.000766871165644172	0.000766871165644172	0.000766871165644172
0.000766871165644172	0.000766871165644172	0.000766871165644172	0.9976993865030681
0.554203539823009	0.00110619469026549	0.00110619469026549	0.44358407079646
>M00213_2.00
0.307528737982363	0.218889829105052	0.256869593997378	0.216711838915207
0.315744026235307	0.153689117094607	0.318917306454261	0.21164955021582604
0.4175486742470779	0.178466538214214	0.285545424803682	0.11843936273502599
0.8617368762850091	0.0165924865727894	0.0308442385708876	0.09082639857131401
0.0119921057366228	0.7382249417877809	0.114921418527463	0.13486153394813302
0.944002803343781	0.000625082984425404	0.0287929088510292	0.0265792048207646
0.913085247698414	0.0538837661359097	0.0326821562249741	0.00034882994070234197
0.42525697384337796	0.0776874426320128	0.0409639999475667	0.45609158357704205
0.33693123752448106	0.0806306513417095	0.39936623038767705	0.18307188074613198
>M00214_2.00
0.271417735672601	0.22221804713345497	0.26077529403463395	0.24558892315931
0.27641195786624395	0.204771014811995	0.245155414389542	0.27366161293221897
0.27276984374456803	0.22110293812293802	0.251798301565341	0.254328916567153
0.267469526723771	0.208305476869006	0.298570367192213	0.22565462921501
0.40917199675300203	0.169717552216998	0.217921650695454	0.203188800334546
0.32885097872617	0.0835633223694027	0.11623391811790598	0.471351780786521
0.12292508174334599	0.296360043442302	0.44211723217140103	0.138597642642951
0.8614298434927701	0.0126618510444368	0.0821538425139804	0.0437544629488129
0.852026176915881	0.0473523879819361	0.0934678241947471	0.007153610907435941
0.231452345849783	0.0444504018828956	0.0886214566825002	0.635475795584822
>M00216_2.00
0.31719182961076897	0.188577060368423	0.17063158040745602	0.32359952961335203
0.37702750256519707	0.11020234060424902	0.11242857555816001	0.400341581272394
0.23846605720863398	0.12325149991299301	0.12325149991299301	0.515030942965379
0.532428357732624	0.000769086640146575	0.0953398950857162	0.37146266054151295
0.290314387435761	0.0005331056970556809	0.0694748231858852	0.639677683681298
0.715779719348715	0.0785214994361098	0.19121003151187396	0.0144887497033018
0.28923422478433297	0.119969413931839	0.10429639800007799	0.48649996328374995
>M00253_2.00
0.19968097489473605	0.19968097489473605	0.19968097489473605	0.40095707531579206
0.17608748760544396	0.17608748760544396	0.471737537183669	0.17608748760544396
0.268585367956659	0.17892494287726202	0.0732644028338626	0.479225286332217
0.8070587897164699	0.000287410004742265	0.192366390274045	0.000287410004742265
0.000287410004742265	0.000287410004742265	0.000287410004742265	0.999137769985773
0.8943796973572651	0.000287410004742265	0.000287410004742265	0.10504548263325
0.898690847428399	0.10073433256211599	0.000287410004742265	0.000287410004742265
0.594016123701266	0.000287410004742265	0.0948884130656588	0.310808053228333
0.24508241481886	0.356583126158622	0.0506064351100062	0.347728023912512
0.777400232802104	0.0741999223992987	0.0741999223992987	0.0741999223992987
0.468930978487361	0.17702300717088	0.17702300717088	0.17702300717088
>M00255_2.00
0.312198252429282	0.197176848828292	0.197176848828292	0.293448049914134
0.432920682467049	0.12489964249325801	0.31728003254643394	0.12489964249325801
0.0514748503188038	0.0514748503188038	0.0514748503188038	0.8455754490435891
0.8298971763087879	0.0246645449079591	0.0246645449079591	0.12077373387529401
0.000360026930014365	0.0979381257718077	0.0966312280158556	0.805070619282322
0.8063559154224742	0.000360026930014365	0.0957815644610217	0.0975024931864903
0.0964692158973491	0.0947986909420825	0.000360026930014365	0.8083720662305541
0.48017871736805895	0.000360026930014365	0.000360026930014365	0.5191012287719121
0.5544810751844239	0.149292367069057	0.053183178101722	0.243043379644797
0.222678456348535	0.125460384436756	0.125460384436756	0.526400774777953
0.29610324852298997	0.19888517661121	0.306126398254589	0.19888517661121
0.22569548202205497	0.322913553933834	0.22569548202205497	0.22569548202205497
>M00256_2.00
0.22642404975582198	0.22642404975582198	0.32072785073253496	0.22642404975582198
0.297158136595695	0.29713319216634104	0.20285433561898197	0.20285433561898197
0.3453826475463	0.24964869928658898	0.155344898309876	0.24962375485723498
0.4167133219882371	0.131468229111812	0.131468229111812	0.320350219788139
0.569704436228181	0.0800951768560041	0.0800951768560041	0.270105210059811
0.6942200985582121	0.00027716032616227203	0.00027716032616227203	0.305225580789463
0.00027716032616227203	0.00027716032616227203	0.00027716032616227203	0.9991685190215128
0.106432336849574	0.508688976225187	0.00027716032616227203	0.38460152659907704
0.928440668288979	0.0238531105703405	0.0238531105703405	0.0238531105703405
0.256864568378224	0.552783105415159	0.0474228247071801	0.14292950149943698
0.7152032139511422	0.0949322620162859	0.0949322620162859	0.0949322620162859
0.21424077471854397	0.11880893121435002	0.11880893121435002	0.548141362852756
0.269288972899263	0.170181983470158	0.27633715999357	0.284191883637009
>M00257_2.00
0.32658154009623497	0.18103305838399697	0.131456981031148	0.36092842048862
0.376627968994071	0.16097641776069502	0.27348803703484403	0.18890757621039003
0.247519278575155	0.24261806847803197	0.23078544565378198	0.279077207293031
0.36390100751549104	0.18808272137821802	0.34270906261713696	0.105307208489154
0.343254318378899	0.20003085417337	0.07736013727789799	0.3793546901698329
0.494185446581842	0.252878932061814	0.0374464100336393	0.215489211322705
0.759756227304144	0.10179873000240801	0.0356232184457334	0.10282182424771401
0.7777782669422599	0.0497217011217692	0.11176980904747698	0.0607302228884934
0.0107518858456228	0.547346012281664	0.07865578388571902	0.3632463179869939
0.7415798118475241	0.0602668855909855	0.10550757927265199	0.0926457232888385
>M00258_2.00
0.225433365434477	0.32369990369657003	0.225433365434477	0.225433365434477
0.396288613971405	0.19478973751142103	0.21770995382374	0.19121169469343396
0.128087265723387	0.214780107168432	0.24152529817023496	0.41560732893794605
0.676798281354174	0.0985134701335901	0.119929871348495	0.10475837716374099
0.608195668814974	0.284709978516927	0.000246931871496654	0.10684742079660199
0.7863915845618191	0.09343161221818902	0.000246931871496654	0.119929871348495
0.708551250709929	0.0935624861100822	0.000246931871496654	0.197639331308492
0.0970096550361755	0.49987653406425203	0.09343161221818902	0.30968219868138397
0.8326783465441879	0.02481356643702	0.02481356643702	0.11769452058177199
0.450459293280984	0.24510087166950603	0.152219917524755	0.152219917524755
0.22667111144035398	0.22667111144035398	0.31998666567893896	0.22667111144035398
>M00259_2.00
0.587837837837838	0.000293772032902468	0.41157461809635704	0.000293772032902468
0.0870981754995656	0.065377932232841	0.000217202432667246	0.8473066898349259
0.7867772108843539	0.149022108843537	0.000212585034013605	0.0639880952380952
0.9781037414965992	0.000212585034013605	0.000212585034013605	0.0214710884353741
0.9993622448979591	0.000212585034013605	0.000212585034013605	0.000212585034013605
0.000212585034013605	0.7867772108843539	0.000212585034013605	0.21279761904761899
0.9993483927019979	0.000217202432667246	0.000217202432667246	0.000217202432667246
0.612435567010309	0.0969716494845361	0.12918814432989698	0.161404639175258
>M00381_2.00
0.15483687314491798	0.14436894361559	0.17633262591879603	0.524461557320697
0.42392399138517894	0.128966692553319	0.174086825818224	0.273022490243278
0.477585548716755	0.116599303878108	0.15897441918941901	0.24684072821571695
0.139208657222689	0.211870224487197	0.10108623240004	0.547834885890074
0.172620956520004	0.202572569031756	0.33734231551709803	0.28746415893114197
0.266719438045402	0.17524715856302	0.356451188577125	0.20158221481445399
0.23947368306559302	0.307490295671065	0.264659350164089	0.188376671099252
>M00391_2.00
0.20137719342356802	0.189649898640974	0.19937345687021502	0.409599451065243
0.157052113554969	0.155489418915315	0.139292729144348	0.548165738385369
0.41970181676918894	0.117865541891902	0.128965444871139	0.33346719646777
0.566608298952427	0.12769801701772399	0.131587000612121	0.174106683417729
0.0961973620608318	0.20776381625509802	0.119869294403438	0.5761695272806321
0.155086349484096	0.164676353750851	0.33161745318294106	0.34861984358211195
0.33723114144964694	0.142703432058949	0.34750135869534804	0.17256406779605601
0.172316157823296	0.36479330892834605	0.23028804993471	0.232602483313648
0.256316509119619	0.28899605703433	0.22507035553238702	0.22961707831366399
>M00392_2.00
0.143009985734665	0.10734664764622001	0.0360199714693295	0.7136233951497859
0.00024975024975025	0.0252247752247752	0.00024975024975025	0.9742757242757242
0.9742757242757242	0.00024975024975025	0.00024975024975025	0.0252247752247752
0.9992507492507491	0.00024975024975025	0.00024975024975025	0.00024975024975025
0.00024975024975025	0.00024975024975025	0.00024975024975025	0.9992507492507491
0.00024975024975025	0.00024975024975025	0.125124875124875	0.8743756243756241
0.804938956714761	0.000277469478357381	0.194506104328524	0.000277469478357381
0.0387864823348694	0.57642089093702	0.15399385560675902	0.23079877112135197
>M00433_2.00
0.239869443216047	0.317378411372926	0.19058433285631698	0.25216781255471
0.133763165665997	0.0507073472353008	0.0223331208415463	0.7931963662571551
0.850989318937044	0.0208301108712598	0.0517487138024224	0.0764318563892736
0.959274282771771	0.0117773364386123	0.00450945833881117	0.0244389224508054
0.324957233503163	0.0777651653437335	0.13614133643537898	0.461136264717725
0.139125380342338	0.30654836580690803	0.136370513235318	0.41795574061543606
0.19372811653670102	0.0619579367410106	0.611830763934943	0.132483182787346
0.20155957742859099	0.269369759737175	0.319285283006309	0.209785379827925
0.174473942032355	0.29054991938895597	0.187124730243163	0.34785140833552697
>M00436_2.00
0.21931403628962604	0.18502753620861198	0.21931403628962604	0.37634439121213703
0.189250019531475	0.129420785058565	0.156502032255534	0.524827163154425
0.45767851254756803	0.0905739822564663	0.125985522579768	0.325761982616198
0.597136191468195	0.103766710799074	0.128014714462154	0.171082383270577
0.09077240932539302	0.208170067375677	0.12376138253804801	0.5772961407608821
0.17529255302466298	0.171821527915909	0.34600606700147496	0.306879852057953
0.288745021687476	0.129741501506366	0.393682214128735	0.187831262677424
0.18739313057467102	0.35185132441103295	0.21771975594819	0.243035789066107
>M00442_2.00
0.232947169038448	0.273366035225999	0.29318730925344605	0.200499486482107
0.212846806961318	0.340553655155935	0.18137608455827803	0.265223453324469
0.13671739386676302	0.0492996004704964	0.0113352345605044	0.8026477711022371
0.7975263432049309	0.0874891570904371	0.0883684377370998	0.026616061967532002
0.8895840060476821	0.000657542384256032	0.0456386043514663	0.0641198472165961
0.15064080491004098	0.0588444915480158	0.122107063264678	0.668407640277265
0.18678920912230104	0.14259105201386402	0.24225254516457997	0.428367193699256
0.31557395101971303	0.0913221210368989	0.45686733234876	0.136236595594629
0.21294969491219604	0.28176008985316603	0.314522609427767	0.19076760580687102
0.19357250793927397	0.28877624810866304	0.23174836752088898	0.285902876431174
>M00460_2.00
0.245921037548787	0.297379915701783	0.18218278547432395	0.27451626127510503
0.14814491770610502	0.0572937171024336	0.0534203077463804	0.7411410574450809
0.826194993744075	0.029277837079619	0.049246131486974	0.0952810376893321
0.911651473491516	0.0163668469517503	0.0208063402800097	0.0511753392767242
0.34105874669292197	0.0738513833281943	0.129289585889269	0.455800284089615
0.14572741541376802	0.296408289061249	0.137240911408976	0.420623384116007
0.21770406014682997	0.0623732575411727	0.591780990578948	0.128141691733049
0.21860524659686603	0.261717996887338	0.292150060564331	0.227526695951465
0.175236048042266	0.274824829460942	0.175236048042266	0.37470307445452505
>M00494_2.00
0.21187416040156598	0.19171166824952698	0.18236177986060897	0.414052391488298
0.16267139032234698	0.0883876413143096	0.0892759518775432	0.6596650164858001
0.6352398266253421	0.0264168643634616	0.0877070784009914	0.25063623061020396
0.841058141579236	0.0277895705996935	0.0548532145886818	0.0762990732323889
0.0604854790494219	0.134612909185776	0.075369547979115	0.7295320637856869
0.126206536278359	0.0934961016488734	0.35706567969840003	0.423231682374367
0.40694829049406606	0.066598771224499	0.390991619790431	0.13546131849100398
0.16029293697022	0.3982193551963521	0.220743853916714	0.220743853916714
0.214080164437493	0.319370076561384	0.18611235399366602	0.280437405007458
>M00503_2.00
0.242312389775429	0.257296151141688	0.295961021198095	0.20443043788478799
0.220659345312538	0.31945617223794703	0.195707282914284	0.26417719953523106
0.15427452087951002	0.0700166883551858	0.0488489858982761	0.726859804867028
0.7690560912227871	0.0970439440798924	0.104080423965631	0.0298195407316902
0.865537590154983	0.0023241416925678603	0.0418190010118351	0.0903192671406143
0.1697862774311	0.0960184590386267	0.1296113626166	0.604583900913674
0.20622292414990698	0.152773699740255	0.24200484333109698	0.39899853277874103
0.32016717857202803	0.100367986074166	0.423622738880584	0.15584209647322303
0.22029794035095698	0.266395195725568	0.297371115058527	0.215935748864948
>M00517_2.00
0.234785444056689	0.179230393569821	0.21032881526064298	0.375655347112846
0.18999207222150502	0.11756393887503	0.127355494606529	0.565088494296936
0.519732640600825	0.058166787307855	0.0940018560184033	0.32809871607291696
0.8194871254092779	0.0150094302731019	0.0620958207644874	0.10340762355313302
0.0421391283001527	0.1946059455774	0.0840134346395481	0.6792414914828989
0.161194917060315	0.134641312455485	0.369671324077937	0.334492446406263
0.29560901941226797	0.10659511668794999	0.41118272446598103	0.18661313943380103
0.18457298996467603	0.36432451482063105	0.20195501908285898	0.249147476131833
0.24535481727047198	0.28222521772295395	0.19300293511966898	0.27941702988690503
>M00554_2.00
0.251496246355875	0.17722640942642398	0.199822218640961	0.37145512557674104
0.14899721351323497	0.0732536154704177	0.136173199950331	0.6415759710660159
0.12208131276944001	0.0527037874440803	0.0565252432161912	0.768689656570288
0.38164905205837396	0.0378829625786446	0.0704217014382848	0.5100462839246971
0.882244735007542	0.00029893458649184104	0.0604894817954985	0.0569668486104678
0.0481214003791164	0.268735330079943	0.0969046002892613	0.5862386692516801
0.165526499577057	0.0872808692147805	0.40712949327677206	0.34006313793139004
0.40341135328861893	0.0847712768801866	0.3542336661119939	0.1575837037192
0.12594403531210802	0.40579075456200703	0.23179135705378898	0.236473853072097
0.18999006877613298	0.335953178684128	0.20173839850512099	0.272318354034618
>M00555_2.00
0.102337579279628	0.0699847211860385	0.0327295045065599	0.794948195027774
0.7923125365124529	0.0458307806172413	0.0740659513820382	0.0877907314882679
0.951443586601667	0.00021394857372973702	0.0212845274235365	0.0270579374010668
0.0346156166274758	0.0209954327911953	0.05164043180546201	0.892748518775867
0.0775888254728871	0.0681303931397307	0.0957196316803192	0.758561149707063
0.350451692460925	0.0376835203429469	0.5073610459113259	0.10450374128480099
0.21487268435068302	0.27315671739701397	0.327027964911122	0.18494263334118102
0.211850522723297	0.27475531678365	0.209742574802228	0.30365158569082396
>M00556_2.00
0.22540332370258104	0.22540332370258104	0.32379002889225605	0.22540332370258104
0.125576032889536	0.23134746534022302	0.41833133699463004	0.22474516477560996
0.000115062749470424	0.000115062749470424	0.000115062749470424	0.9996548117515892
0.9996548117515892	0.000115062749470424	0.000115062749470424	0.000115062749470424
0.9996548117515892	0.000115062749470424	0.000115062749470424	0.000115062749470424
0.000115062749470424	0.000115062749470424	0.000115062749470424	0.9996548117515892
0.000115062749470424	0.000115062749470424	0.000115062749470424	0.9996548117515892
0.9996548117515892	0.000115062749470424	0.000115062749470424	0.000115062749470424
0.322804804099916	0.12069363277263301	0.531789824080562	0.0247117390468892
0.21981673955891798	0.22987552511762302	0.223708161746008	0.32659957357745
>M00557_2.00
0.24348291099008101	0.258539053345899	0.30644759417787204	0.191530441486148
0.206850024610614	0.317981756555723	0.181634061500373	0.293534157333289
0.110856390313762	0.0333893031227514	0.0116841775812375	0.8440701289822491
0.89460971729368	0.0512331894555938	0.0538599712493678	0.00029712200135837596
0.9475426742866949	0.0009840013361326028	0.0234265964041409	0.028046727973032003
0.139344099231205	0.0333462862160993	0.0870903780982254	0.74021923645447
0.192569406339082	0.12402171127794301	0.232864477129159	0.450544405253817
0.35777515989496605	0.064709287891807	0.46867274079644	0.10884281141678698
0.187430981924751	0.305946631892618	0.29102543858560403	0.21559694759702697
>M00558_2.00
0.21779109438762698	0.17831226672768202	0.203067070439977	0.400829568444714
0.18253960425819396	0.11523426683445599	0.102203626267668	0.600022502639681
0.599067508866714	0.030125569460506003	0.0878274676144224	0.28297945405835806
0.818970097404726	0.020864467086693	0.0804831280062478	0.0796823075023332
0.0756051303327407	0.17866707221888897	0.083556591299653	0.662171206148718
0.132125021426675	0.11258951637881098	0.37009088336276896	0.38519457883174607
0.39315371374632296	0.0959858384808493	0.35574019124347905	0.15512025652934802
0.161580375075056	0.381840391196156	0.236276492412094	0.220302741316695
0.21851372360260896	0.31952925058348	0.19771939347334697	0.26423763234056397
>M00559_2.00
0.178081665481756	0.36592807232982205	0.178081665481756	0.277908596706666
0.199230885236013	0.0988754120257664	0.0988754120257664	0.6030182907124539
0.0260644447795707	0.331412341742609	0.0260644447795707	0.61645876869825
0.99956912338152	0.000143625539493433	0.000143625539493433	0.000143625539493433
0.99956912338152	0.000143625539493433	0.000143625539493433	0.000143625539493433
0.000143625539493433	0.000143625539493433	0.99956912338152	0.000143625539493433
0.000143625539493433	0.000143625539493433	0.000143625539493433	0.99956912338152
0.103826902499803	0.000143625539493433	0.8958858464212109	0.000143625539493433
0.0720619600577375	0.175745237018047	0.680130842866479	0.0720619600577375
0.24743700224773998	0.248030175725848	0.151268213513727	0.35326460851268604
0.224079180759923	0.224079180759923	0.224079180759923	0.327762457720232
>M00560_2.00
0.198275043835065	0.24954897212988802	0.17237204223614902	0.379803941798898
0.180440265802822	0.11277557542524799	0.15376105178744198	0.5530231069844879
0.7121090741030891	0.0403758201289826	0.163732024409667	0.0837830813582617
0.9058302848260559	0.00022065651138397	0.0157817145928324	0.0781673440697276
0.0630593305249297	0.0182483750515381	0.723482268027772	0.19521002639576
0.139725678815109	0.0226391580417224	0.131588688740387	0.706046474402782
0.35117220008950206	0.0282551771325938	0.567520403280402	0.0530522194975017
0.107001314130134	0.318251234288852	0.341327052465012	0.233420399116002
0.19385792048717201	0.292108562354839	0.21000377822727698	0.30402973893071195
0.20323131809257702	0.271603919913266	0.20323131809257702	0.32193344390158096
>M00561_2.00
0.215799390051418	0.291298707315678	0.13353307853653698	0.35936882409636794
0.0495138845993858	0.113551119439134	0.00624794823561066	0.83068704772587
0.9653205085287249	1.20638751262845e-05	0.0345518184051612	0.000115609190987773
0.9900421503779309	0.009372196800036571	1.57289474172749e-05	0.000569923874615577
0.0225043916703033	0.260788693272779	0.0490927062742089	0.667614208782709
0.149239878306252	0.0691000139779572	0.23405471969097802	0.5476053880248131
0.69397549372888	0.0116166178814825	0.279341947154505	0.0150659412351328
0.0905176330946104	0.11055848672015302	0.710198616314732	0.0887252638705044
0.15246258649606304	0.36029359161589003	0.310107568166485	0.177136253721562
>M00562_2.00
0.374959359837034	0.27448366067204105	0.17527848974546303	0.17527848974546303
0.147884596915665	0.24721135792331198	0.0509429398895645	0.553961105271459
8.81087543977282e-05	8.81087543977282e-05	8.81087543977282e-05	0.9997356737368069
0.9997356737368069	8.81087543977282e-05	8.81087543977282e-05	8.81087543977282e-05
0.9997356737368069	8.81087543977282e-05	8.81087543977282e-05	8.81087543977282e-05
8.81087543977282e-05	8.81087543977282e-05	8.81087543977282e-05	0.9997356737368069
8.81087543977282e-05	0.9997356737368069	8.81087543977282e-05	8.81087543977282e-05
8.81087543977282e-05	0.9997356737368069	8.81087543977282e-05	8.81087543977282e-05
0.0748096190089351	0.576304384027293	0.174672962330864	0.17421303463290802
0.199145168864833	0.302548721938463	0.199145168864833	0.29916094033186996
>M00563_2.00
0.304796220876149	0.20843837314434	0.219125237060435	0.26764016891907605
0.204502607223968	0.20863383392815302	0.18320041631177203	0.403663142536106
0.192684603658646	0.0874489045131867	0.49822644080167705	0.22164005102649
0.9508467919513841	0.0445830146049587	5.5429294087646495e-05	0.00451476414957012
0.142273672785128	0.292291758334509	0.142273672785128	0.423160896095235
0.521792623796145	0.307129731535408	0.0424051678027721	0.128672476865675
0.156958321590584	0.510801112611469	0.109506105160251	0.22273446063769697
0.200453688940573	0.3580179919984171	0.208634359174548	0.23289395988646203
0.24952045494989303	0.257119484115959	0.206343219333138	0.287016841601011
>M00564_2.00
0.174413636058808	0.174413636058808	0.47675909182357495	0.174413636058808
0.229946178137368	0.22297170984265302	0.421684115695937	0.125397996324042
0.19834267357387503	0.8015386322754321	5.9347075346453394e-05	5.9347075346453394e-05
5.9347075346453394e-05	0.999821958773961	5.9347075346453394e-05	5.9347075346453394e-05
5.9347075346453394e-05	0.999821958773961	5.9347075346453394e-05	5.9347075346453394e-05
5.9347075346453394e-05	0.999821958773961	5.9347075346453394e-05	5.9347075346453394e-05
5.9347075346453394e-05	0.999821958773961	5.9347075346453394e-05	5.9347075346453394e-05
5.9347075346453394e-05	0.999821958773961	5.9347075346453394e-05	5.9347075346453394e-05
0.17722535212103502	0.274418650886675	0.47271028597575204	0.0756457110165383
0.124661350751304	0.52703986283704	0.223637435660352	0.124661350751304
>M00650_2.00
0.491058906030856	0.157959326788219	0.26314866760168304	0.0878330995792426
0.9864544976328249	0.000131509731720147	0.000131509731720147	0.0132824829037349
0.9470015781167808	0.000131509731720147	0.0527354024197791	0.000131509731720147
0.0132824829037349	0.000131509731720147	0.933850604944766	0.0527354024197791
0.000131509731720147	0.0132824829037349	0.000131509731720147	0.9864544976328249
0.0264334560757496	0.0132824829037349	0.0132824829037349	0.9470015781167808
0.03463128876636799	0.155237767057202	0.12077877325982099	0.689352170916609
0.20004995004995	0.20004995004995	0.44980019980020003	0.15009990009989999
>M00656_2.00
0.39902487880861104	0.13686893211805198	0.18848600648459699	0.27562018258873905
0.31012682194804	0.107445239422327	0.0862268243911999	0.496201114238434
0.141908656657793	0.0625010644491706	0.661945739042788	0.13364453985024802
0.0882486336546876	0.0380978638323706	0.00220374506122619	0.8714497574517159
0.69839579424583	0.0392042822934133	0.10341871924192501	0.158981204218832
0.21753642498435502	0.0661792062025916	0.106950521092784	0.609333847720269
0.133728578356827	0.655771372627852	0.0670750546618249	0.14342499435349698
0.388300497090435	0.15787120100315802	0.198696695142436	0.25513160676397195
0.41113541328352293	0.16221500280165196	0.172245818371006	0.25440376554381894
0.291259691647114	0.149040082596155	0.18571537884099	0.37398484691574
>M00659_2.00
0.554469309195093	0.13136917071756402	0.0953935968228832	0.21876792326446
0.29420086834030496	0.32840997763214	0.15054510793901701	0.226844046088539
0.339016874061656	0.0803225081463798	0.0595043775687085	0.521156240223256
0.175903761008401	0.068712905405042	0.645443083948122	0.109940249638435
0.112758110858959	0.0740873581534875	0.0516889958479762	0.761465535139577
0.475128346308318	0.0649478714616699	0.11834273762366401	0.341581044606349
0.33122415748784995	0.0461914797211015	0.245376891009381	0.377207471781667
0.14433951604038	0.5912082206058399	0.0967536710434852	0.167698592310294
0.354497938155156	0.19070019398931398	0.217174793615774	0.23762707423975502
0.4204817096739621	0.139966202400393	0.187054680273262	0.252497407652383
>M00665_2.00
0.290289661642336	0.211014538088333	0.28768126744121003	0.211014538088333
0.243370445657203	0.0861728498283151	0.0861728498283151	0.58428385994638
0.215478397205497	0.0600257164879575	0.664470175078801	0.0600257164879575
0.15128137350811702	0.0762986125539679	0.000121055390431295	0.7722989638076959
0.919667910772587	0.0800899837067627	0.000121055390431295	0.000121055390431295
0.922970109736042	0.0767877847433074	0.000121055390431295	0.000121055390431295
0.999636839088919	0.000121055390431295	0.000121055390431295	0.000121055390431295
0.000121055390431295	0.668017235963043	0.000121055390431295	0.33174065851630696
0.8826804494087601	0.0391065186171509	0.0391065186171509	0.0391065186171509
0.508155384628705	0.16394820687716902	0.16394820687716902	0.16394820687716902
0.429713984607632	0.19009534021752697	0.19009534021752697	0.19009534021752697
>M00710_2.00
0.45092277398735203	0.148770527740608	0.148770527740608	0.251536173452076
0.298333162777696	0.204180177971144	0.289057848599199	0.20842881357260198
