>M00008_2.00
0.28295895050258896	0.248464961579856	0.24599269390504502	0.22258339401250998
0.31665902396267703	0.18453249282953102	0.236944410987863	0.261864072219928
0.377777871501523	0.11265233353358699	0.20941258176308603	0.300157213201805
0.6163930334523089	0.0689847041998677	0.11148441459121801	0.203137847756605
0.675764369206464	0.0427703219414491	0.0631709440515372	0.21829436480055
0.326032179952778	0.133886990300119	0.0820227041025529	0.458058125644551
0.321153050529938	0.137265609257083	0.11238357564255498	0.429197764570424
>M00153_2.00
0.328843577877036	0.158472676531907	0.193558964202559	0.319124781388498
0.34006247008962104	0.13825908277589802	0.13825908277589802	0.3834193643585829
0.250780641145707	0.15210614773010597	0.248285332074236	0.348827879049951
0.14666225553578197	0.21232802399048198	0.47729386085815007	0.16371585961558702
0.0491484979435091	0.10938199373242999	0.8412141669005508	0.00025534142351
0.0986661116261265	0.8816027342520509	9.02047344252513e-06	0.0197221336483805
0.0012280856392551	1.33726536030681e-05	0.9779480646279091	0.0208104770792331
0.0225806909007298	0.6245898258175141	0.326064480811723	0.0267650024700323
0.13556626962152	0.28413815903175393	0.361210393228366	0.21908517811835998
0.23482140428296	0.292605487709977	0.182879093545217	0.289694014461846
>M00154_2.00
0.323790592755454	0.15760580150149697	0.18495212138838601	0.333651484354664
0.356499378697037	0.12351128115075301	0.133798173580769	0.38619116657144004
0.252757883752165	0.14437759417213503	0.24775294232253198	0.355111579753168
0.126742173966619	0.20076898056657003	0.545746671500192	0.126742173966619
0.0232070150549405	0.0747728316544645	0.9018557685128009	0.000164384777794226
0.0697405548006561	0.911217845043276	0.00022419972329277402	0.0188174004327752
0.00017553967584163401	2.54792677191168e-05	0.982509300727006	0.0172896803294328
0.0114090466118411	0.610578337618563	0.359389443932401	0.0186231718371942
0.10846386661200501	0.261495504132897	0.38622383726551207	0.24381679198958603
0.25079721074565803	0.271685375006052	0.16811439786399598	0.309403016384294
>M00216_2.00
0.31719182961076897	0.188577060368423	0.17063158040745602	0.32359952961335203
0.37702750256519707	0.11020234060424902	0.11242857555816001	0.400341581272394
0.23846605720863398	0.12325149991299301	0.12325149991299301	0.515030942965379
0.532428357732624	0.000769086640146575	0.0953398950857162	0.37146266054151295
0.290314387435761	0.0005331056970556809	0.0694748231858852	0.639677683681298
0.715779719348715	0.0785214994361098	0.19121003151187396	0.0144887497033018
0.28923422478433297	0.119969413931839	0.10429639800007799	0.48649996328374995
>M00662_2.00
0.18087547079801197	0.175529792765303	0.26449141353762	0.37910332289906606
0.11383142975356401	0.30329886348443896	0.475667303411817	0.10720240335018
0.042205061055403	0.189149960797037	0.7670409145714692	0.00160406357609124
5.75608865091427e-05	0.997336277787983	5.8723693549557e-05	0.00254743763195863
6.83755271806579e-05	0.000393473991570834	0.999504534050058	3.36164311907356e-05
8.23371410497694e-05	0.653973619808833	0.33131414839203494	0.0146298946580825
0.141157161709966	0.281427225896872	0.44580154717777	0.131614065215393
0.192978548871678	0.39646153969563397	0.12553430113664998	0.285025610296039
0.39046793252581	0.12118833790423801	0.155608906068615	0.332734823501337
0.273962359363906	0.19499827696045	0.193058011686394	0.33798135198925006
>M00717_2.00
0.184462664307868	0.256581686929458	0.319720469565776	0.23923517919689802
0.10589889993070699	0.38088019030253706	0.185394291902765	0.32782661786399103
0.0455569631043099	0.0007937104791837191	0.952379394258818	0.00126993215768892
0.0370386028966732	0.7820828566901421	0.0541609782265034	0.126717562186682
0.0301800872826301	0.62464428573705	0.110739693670301	0.234435933310018
0.136135030144868	0.0930974935640104	0.7017991567556091	0.06896831953551201
0.17668837744013	0.19140423428677897	0.36299447050365	0.26891291776944
0.19935980818310603	0.48546698010917894	0.0970388363926729	0.21813437531504298
>M00718_2.00
0.2	0.5	0.133333333333333	0.166666666666667
0.027027027027027	0.0540540540540541	0.8918918918918921	0.027027027027027
0.0263157894736842	0.6052631578947371	0.34210526315789497	0.0263157894736842
0.0263157894736842	0.8947368421052628	0.0526315789473684	0.0263157894736842
0.0789473684210526	0.0263157894736842	0.842105263157895	0.0526315789473684
0.0263157894736842	0.23684210526315802	0.7105263157894741	0.0263157894736842
0.027027027027027	0.9189189189189191	0.027027027027027	0.027027027027027
0.103448275862069	0.586206896551724	0.172413793103448	0.137931034482759
>M00719_2.00
0.253340061149035	0.238586684528643	0.21373409623195302	0.29433915809037
0.23851474155360897	0.217986060456064	0.263599555892927	0.27989964209740004
0.21623486456699498	0.0719783337150938	0.5819387215491789	0.129848080168733
0.11425144331620199	0.501900384329202	0.24430114436912	0.13954702798547597
0.009575865021218771	0.664640220144773	0.00226878823747161	0.32351512659653603
0.203539562448183	0.00446317500234806	0.7773264438769371	0.0146708186725322
0.14817891282082998	0.326496886912349	0.281018474850527	0.24430572541629397
0.23900386530972897	0.346014168825605	0.22508536374053	0.189896602124136
>M00720_2.00
0.21668446640799602	0.323255238560833	0.262025603814038	0.198034691217133
0.297133913536241	0.47068210245579495	0.113770461693415	0.11841352231454902
0.0536499408555366	9.65668627556423e-05	0.9462249828306909	2.85094510165503e-05
0.057636172095945	0.8322645490812699	0.0476627589618026	0.0624365198609821
0.127081743844249	0.7843305343300021	0.0326168991191687	0.0559708227065808
0.20592999253348998	0.0925303102382412	0.618647886765734	0.0828918104625341
0.241989257233552	0.346850320379372	0.13280652019298	0.278353902194096
0.128128594268033	0.6806405921767821	0.0668889915272945	0.124341822027891
0.307219612314049	0.319757482537511	0.140831317094171	0.23219158805426898
>M00721_2.00
0.273480839035947	0.273480839035947	0.200583688987081	0.252454632941026
0.23064971961082	0.27339023160253895	0.26531032917582004	0.23064971961082
0.278186771458873	0.368077210697731	0.188348266023084	0.16538775182031198
0.14454441653955802	0.0581826291149214	0.7451509691021079	0.0521219852434125
0.11556872386081099	0.6139204530815849	0.175891154735585	0.0946196683220188
0.185944995736138	0.668777158290842	0.0719125579687736	0.0733652880042468
0.21346619836866698	0.119519375795249	0.58609301081285	0.0809214150232327
0.197200246080693	0.352207218018992	0.20731091890112102	0.24328161699919396
0.16653098773050304	0.604971533211818	0.10512828903254799	0.123369190025131
0.32041707489994803	0.2928391570489	0.17409889613113	0.21264487192002102
>M00722_2.00
0.129977686954795	0.35331598449469104	0.298080265267842	0.21862606328267198
0.0012624084775072599	0.975569482744734	0.00650792969342967	0.0166601790843286
0.994564210565033	0.00012151770136183701	0.00462883243667554	0.000685439296929618
0.11791754538785199	0.880056061747729	9.16283656586618e-05	0.0019347644987606101
0.28758030712089	0.00476597508515319	0.707333417994508	0.000320299799448636
0.0950644552623748	0.16642672756773	5.75302224887183e-05	0.738451286947407
0.133055337114725	0.14413712597956602	0.544988726965802	0.177818809939906
>M00723_2.00
0.20424124539422697	0.38727627121428604	0.20424124539422697	0.20424124539422697
0.696105449963375	0.101298185811197	0.101298185811197	0.101298185811197
0.0227330935210743	0.0227330935210743	0.9318007268337422	0.0227330935210743
0.499115324833073	0.00014880798479837098	0.500587066594295	0.00014880798479837098
0.00014880798479837098	0.00014880798479837098	0.00014880798479837098	0.99955358344257
0.5057021359945529	0.00014880798479837098	0.00014880798479837098	0.494000255432815
0.00014880798479837098	0.99955358344257	0.00014880798479837098	0.00014880798479837098
0.99955358344257	0.00014880798479837098	0.00014880798479837098	0.00014880798479837098
0.0459075644398133	0.0459075644398133	0.0459075644398133	0.862277314077525
0.14885062402284302	0.14885062402284302	0.14885062402284302	0.5534481353284371
0.227415716312965	0.31775285845806894	0.227415716312965	0.227415716312965
>M00724_2.00
0.23254103360634	0.284026259822607	0.17575073242929098	0.307681974141761
0.381584401083365	0.203228723430749	0.197222406943135	0.21796446854275198
0.22520177521889803	0.191904294022134	0.45805844217204794	0.12483548858692098
0.47809802089917397	0.00047227954010483703	0.41150278011137703	0.10992691944934402
0.180609624587668	0.007436036157882759	0.079546195787869	0.732408143466581
0.44108282502577295	0.0469570178773822	0.204227112221124	0.307733044875721
0.181089866752329	0.613385375220238	0.128894392914744	0.0766303651126884
0.602456499030515	0.10159714783696999	0.186982580886558	0.10896377224595599
0.143308196714682	0.18036769780106898	0.25852632667908604	0.417797778805162
>M00725_2.00
0.24319787213999	0.22118137830718498	0.281302972866078	0.254317906220705
0.24016463891298898	0.159268555867165	0.3572376527057	0.243329260977013
0.448546552179645	0.0933935781062321	0.34659157537434304	0.11146813031298801
0.085710357234086	0.186342668580836	0.00109210548035495	0.7268551159697341
0.29734264877344396	0.0486575660450358	0.477834910905292	0.176164978117823
0.176164978117823	0.477834910905292	0.0486575660450358	0.29734264877344396
0.7268551159697341	0.00109210548035495	0.186342668580836	0.085710357234086
0.11146813031298801	0.34659157537434304	0.0933935781062321	0.448546552179645
0.243329260977013	0.3572376527057	0.159268555867165	0.24016463891298898
0.254317906220705	0.281302972866078	0.22118137830718498	0.24319787213999
>M00727_2.00
0.287104276141875	0.250461713193107	0.17666657869669897	0.28576742852731296
0.18120997439595002	0.30022065354323	0.159883899053797	0.358685460828319
0.437689820604073	0.167170200557479	0.255627370954737	0.139512428653422
0.16443932378535198	0.062493695300757	0.739361147606799	0.0337058423897327
0.9388128711244631	0.00337821223598008	0.0161048127306999	0.0417039219834129
0.0417039219834129	0.0161048127306999	0.00337821223598008	0.9388128711244631
0.0337058423897327	0.739361147606799	0.062493695300757	0.16443932378535198
0.139512428653422	0.255627370954737	0.167170200557479	0.437689820604073
0.358685460828319	0.159883899053797	0.30022065354323	0.18120997439595002
0.28576742852731296	0.17666657869669897	0.250461713193107	0.287104276141875
>M00728_2.00
0.397218560025559	0.12084233246601599	0.156724056711163	0.325215050797262
0.0912764025112822	0.0582004038243767	0.0349490851846367	0.8155741084797041
0.0774726738318672	0.0562567075055746	0.7574255722342071	0.108845046428352
0.89192603914545	8.74562347480718e-05	0.0617678630500238	0.0462186415697786
0.0541016548528508	0.0282435404348131	0.0628571551947166	0.854797649517619
0.0722798885634469	0.0129428812202878	0.0687547568017639	0.846022473414501
0.371107560517437	0.0272892251616988	0.5426648667323529	0.0589383475885114
0.18340948898654003	0.33755258233054997	0.354859273308199	0.12417865537471101
>M00729_2.00
0.278776440427616	0.210694701186055	0.202433243786284	0.30809561460004603
0.37382749603311705	0.180150831103477	0.166300177009004	0.279721495854401
0.10068008478942901	0.0967323621992969	0.46495843392158204	0.33762911908969295
0.7807030152646491	0.0133323687098028	0.16080538028089097	0.0451592357446569
0.00019710763154429	0.0015007945280383198	6.11756927145728e-05	0.998240922147703
0.17777486331246103	0.116806408590794	0.20245506017744103	0.5029636679193039
0.0734413982702375	0.785631446875933	0.0644885562629286	0.0764385985909011
0.0919698394172552	0.344281862861057	0.281874148860844	0.281874148860844
0.21933371245834998	0.276053412667227	0.254829417712375	0.249783457162047
0.242460476928052	0.270653313342756	0.22159219106365	0.26529401866554303
>M00730_2.00
0.424681374314204	0.113447387191986	0.24016812053967998	0.22170311795412997
0.07046596667378399	0.5365339554251721	0.107246492249396	0.285753585651648
0.9248227673563529	0.0145792912894988	0.0126746269491035	0.0479233144050451
0.18175491061923701	0.7370525073427321	0.0182225371867041	0.06297004485132701
0.0980948711910345	0.0304454051314086	0.71761634186626	0.153843381811297
0.127058295160759	0.46621457892440604	0.140421132709572	0.266305993205263
0.41446261881170504	0.236744804514151	0.0845195431048352	0.26427303356931003
0.7419226456534879	0.0273644571536582	0.0513797942420682	0.179333102950785
0.20395384476173603	0.332917168899294	0.195956700122912	0.267172286216059
>M00731_2.00
0.332551099225307	0.189956202088346	0.218501642187487	0.25899105649885995
0.391822100093003	0.0900898864931289	0.437382417846835	0.0807055955670338
0.0120117692361515	0.007141243628995441	0.9306534167462991	0.0501935703885538
0.0156727132825471	9.022094136414849e-06	2.76514031312662e-05	0.9842906132201851
0.0458722679717478	0.930629045347621	0.0142372355021151	0.00926145117851605
0.8825324426903058	0.0623519876691576	0.018780057790977002	0.0363355118495596
0.8491136276265291	0.0165137441843016	0.10714606689591	0.0272265612932596
0.219250868829161	0.578371614541729	0.0597528324193943	0.142624684209715
0.160546243621411	0.186528123376028	0.458785152504216	0.194140480498345
0.228047122059552	0.284164212265271	0.27302197413135604	0.21476669154382103
>M00732_2.00
0.37694239743080293	0.207685867351891	0.207685867351891	0.207685867351891
0.38563333238692893	0.142688628611682	0.142688628611682	0.32898940987618497
0.48325311332333704	0.0398290175963759	0.43708885097038896	0.0398290175963759
0.167326076760073	9.23450983235662e-05	0.832489232529757	9.23450983235662e-05
9.23450983235662e-05	9.23450983235662e-05	9.23450983235662e-05	0.999722964191508
0.247899114137292	0.7519161951525379	9.23450983235662e-05	9.23450983235662e-05
0.999722964191508	9.23450983235662e-05	9.23450983235662e-05	9.23450983235662e-05
0.9191499268142891	9.23450983235662e-05	9.23450983235662e-05	0.0806653824755419
0.0424064776180516	0.7942303276722659	0.0424064776180516	0.120956716578108
0.107403716358261	0.107403716358261	0.599238611451637	0.18595395531831702
0.28171151866385696	0.297761826075487	0.210263327373567	0.210263327373567
>M00750_2.00
0.75	0.0833333333333333	0.0833333333333333	0.0833333333333333
0.8	0.0666666666666667	0.0666666666666667	0.0666666666666667
0.733333333333333	0.0666666666666667	0.0666666666666667	0.133333333333333
0.266666666666667	0.0666666666666667	0.0666666666666667	0.6
0.733333333333333	0.0666666666666667	0.0666666666666667	0.133333333333333
0.666666666666667	0.0666666666666667	0.0666666666666667	0.2
0.6923076923076921	0.0769230769230769	0.0769230769230769	0.153846153846154
0.166666666666667	0.0833333333333333	0.0833333333333333	0.666666666666667
>M00751_2.00
0.237374365256798	0.264975798420335	0.264975798420335	0.232674037902532
0.254916104618302	0.278922646171414	0.22609030283888298	0.240070946371401
0.234840478880012	0.23720066493048197	0.304571682613113	0.223387173576393
0.201961165776598	0.28659653641269395	0.267220839360804	0.24422145844990398
0.6013247250214621	0.00022517781450743702	0.32026061832323	0.078189478840801
0.46652073378504905	0.184067486509081	0.000331311077403809	0.349080468628466
0.39185415426845094	0.0701678139683485	0.0641285533889585	0.473849478374242
0.43511979397899203	0.0835647166960312	0.0756124824954202	0.40570300682955696
0.376314939132859	0.16084262412384803	0.16084262412384803	0.30199981261944503
0.30380442824672604	0.2366031266291	0.161803747611009	0.297788697513164
>M00840_2.00
0.20981799948226396	0.26407693622150397	0.21620790887045999	0.30989715542577195
0.35170687108442894	0.0623521451407711	0.5406640336189029	0.0452769501558967
0.000191294231648171	0.7249172005425351	8.76904257270863e-05	0.27480381480009003
0.000592524151156458	0.988942661188959	0.000118438238888766	0.0103463764209956
0.0471633738659248	0.0007072419964210111	0.857154012332933	0.0949753718047212
0.759544863015376	0.08936413165836801	0.0617268736678882	0.08936413165836801
0.12374425156728099	0.86110543042249	0.000147816587045626	0.0150025014231837
0.443107550474929	0.15819247982781	0.18939078355939398	0.209309186137867
0.179240908688397	0.198091839608524	0.163813856129168	0.45885339557391097
>M00841_2.00
0.25646731185258104	0.44009966702500103	0.15247508679242902	0.15095793432998902
0.0853394621867124	0.0638564104341928	0.809678273336785	0.0411258540423095
0.0186287110054397	0.875420193632278	0.0755431482337579	0.0304079471285243
0.11123958295899199	0.8219555186280278	0.0215782590127826	0.0452266394001973
0.0726569955945772	0.0819205337764422	0.800910877401918	0.0445115932270621
0.202550735461892	0.4553154158896989	0.106803468304946	0.235330380343463
0.267940835777998	0.508144671783042	0.07086425845286701	0.15305023398609302
0.40127610735113795	0.17673469989886198	0.18579608172879603	0.236193111021205
0.245177258445654	0.211026021987548	0.17803523014229997	0.36576148942449704
0.249916147430286	0.233020271361457	0.20874751330553099	0.308316067902725
>M00842_2.00
0.16436798715311499	0.488875442458902	0.115828162884685	0.230928407503298
0.48663810859032103	0.0210630589166787	0.423062847371896	0.0692359851211045
0.000374306344947739	0.9797714066732919	0.0136989513578254	0.00615533562393545
0.0295088252559272	0.9674748011429649	0.00275850641764043	0.00025786718346691804
0.0093215893758121	0.0122109507060898	0.9748982896595401	0.0035691702585582703
0.5106111173461201	0.117402508926686	0.14483689944159198	0.227149474285601
0.0440263065288506	0.9296306255302091	0.00595831266595632	0.0203847552749844
0.19510905410035398	0.616192031156349	0.0617787005789368	0.12692021416436
0.42518037959009103	0.12552607446506	0.183554844250651	0.265738701694198
>M00843_2.00
0.186445195928787	0.386888810418132	0.16208766653506698	0.26457832711801504
0.542837651675281	0.0278493685177151	0.41026787140558296	0.019045108401421002
0.0113866768908637	0.975006343772433	0.0061253994967692795	0.007481579839934229
0.0150537554554183	0.9549199273776509	0.0105026488003465	0.0195236683665838
0.0232639493267863	0.00890760069835608	0.950420884254777	0.0174075657200806
0.871913448956082	0.0421270546985696	0.0285224119879052	0.0574370843574429
0.0153402628549454	0.9538256809285229	0.0138804438338961	0.0169536123826354
0.5894631881520589	0.0627533694210324	0.25961824726414395	0.0881651951627645
0.235512542500107	0.273626536461693	0.257691767489731	0.23316915354846898
>M00844_2.00
0.00247524752475248	0.497524752475247	0.497524752475247	0.00247524752475248
0.167218543046358	0.663907284768212	0.00165562913907285	0.167218543046358
0.663907284768212	0.00165562913907285	0.332781456953642	0.00165562913907285
0.00165562913907285	0.9950331125827808	0.00165562913907285	0.00165562913907285
0.00165562913907285	0.9950331125827808	0.00165562913907285	0.00165562913907285
0.00165562913907285	0.00165562913907285	0.9950331125827808	0.00165562913907285
0.49834437086092703	0.332781456953642	0.00165562913907285	0.167218543046358
0.00165562913907285	0.9950331125827808	0.00165562913907285	0.00165562913907285
>M00845_2.00
0.000830564784053156	0.000830564784053156	0.25	0.7483388704318941
0.6142638036809821	0.154141104294479	0.23082822085889604	0.000766871165644172
0.000712250712250712	0.7841880341880341	0.214387464387464	0.000712250712250712
0.000712250712250712	0.000712250712250712	0.855413105413105	0.14316239316239301
0.6909509202453988	0.000766871165644172	0.307515337423313	0.000766871165644172
0.000766871165644172	0.000766871165644172	0.9210122699386499	0.0774539877300614
0.000766871165644172	0.000766871165644172	0.9976993865030681	0.000766871165644172
0.272644927536232	0.000905797101449275	0.182065217391304	0.5443840579710151
>M00846_2.00
0.196596921017409	0.28462016767535103	0.29036987646005197	0.22841303484718803
0.230898226332991	0.347921553965474	0.25518200477416103	0.165998214927374
0.45779027122283794	0.0734357707223139	0.45779027122283794	0.0109836868320107
0.000580726502609498	0.9037245658621942	0.0870536530747833	0.008641054560413029
0.0161208603310745	0.8890149974474201	0.0946432070347789	0.00022093518672669
0.111019802094265	0.0524420412078999	0.804087892563343	0.0324502641344921
0.305618885526386	0.31179279655045	0.24526490065638	0.13732341726678302
0.15439765458999402	0.538900766233055	0.141108831464676	0.16559274771227403
0.378153715757166	0.19350450009668999	0.153745827568401	0.274595956577743
>M00847_2.00
0.174440521617555	0.367638580363729	0.28348037640116097	0.174440521617555
0.295643004663474	0.505907178661314	0.0992249083376063	0.0992249083376063
8.392070835791509e-05	8.392070835791509e-05	0.9997482378749258	8.392070835791509e-05
8.392070835791509e-05	0.9997482378749258	8.392070835791509e-05	8.392070835791509e-05
8.392070835791509e-05	0.9997482378749258	8.392070835791509e-05	8.392070835791509e-05
8.392070835791509e-05	8.392070835791509e-05	0.9997482378749258	8.392070835791509e-05
8.392070835791509e-05	0.9997482378749258	8.392070835791509e-05	8.392070835791509e-05
8.392070835791509e-05	0.9997482378749258	8.392070835791509e-05	8.392070835791509e-05
0.5761465037374089	0.07564339909080299	0.17718409937554602	0.171025997796242
0.24940626098836802	0.252399712655495	0.24669394369424	0.25150008266189805
>M00848_2.00
0.259027857049152	0.22745117776099802	0.29498827567284996	0.21853268951699997
0.232050305530869	0.19382470776471106	0.332604528554888	0.24152045814953196
0.24910214117972101	0.24416958830306001	0.29232407065384103	0.21440419986337803
0.16698179621681303	0.41900581647605106	0.127470479165262	0.28654190814187397
0.221415978342038	0.0164453569925113	0.685427812455205	0.076710852210245
0.15612448463344197	0.28733640360838897	0.33719239325702505	0.21934671850114398
0.173198257032374	0.461479176964831	0.168079474956305	0.19724309104649
>M00849_2.00
0.248087781556936	0.396939009867769	0.17482450487824402	0.180148703697052
0.00024825906519322205	0.127321774368886	0.7702518492411559	0.102178117324765
0.000249198587305046	0.8717431585859909	0.127803616279647	0.00020402654705711998
0.149820525310616	0.7723502041743701	0.0774349384496701	0.000394332065343473
0.123774080765456	0.163769176247693	0.7122706561825479	0.000186086804301822
0.223815864923182	0.39576621949371005	0.133063130670238	0.24735478491287102
0.32397263668027504	0.42865785395296796	0.0366223627494429	0.210747146617315
0.376939242140812	0.17107191320610599	0.19677953947670898	0.255209305176373
0.26842875015298395	0.224210538895962	0.172877891577194	0.33448281937386
>M00850_2.00
0.20801285940051	0.280787990336622	0.267093798456873	0.244105351805994
0.20548533816480602	0.46191213274239895	0.14480307042512	0.187799458667675
0.5469602846549321	0.0294995849728394	0.370323220827484	0.0532169095447446
0.00479089114973783	0.9314257130184591	0.0549660893325884	0.00881730649921425
0.0235154112673524	0.970349197552514	0.00474767965537354	0.00138771152476036
0.0397082806613944	0.05413926708992	0.863988748642364	0.0421637036063217
0.491438759782682	0.227542568083632	0.1107568583551	0.170261813778585
0.0979033149557455	0.7529361343400172	0.0531958512719587	0.0959646994322793
0.345265723293195	0.27708223324519393	0.178451049858219	0.199200993603392
0.26554290171294	0.250078886980829	0.19671901997160698	0.287659191334624
>M00851_2.00
0.323878918693444	0.22537369376885197	0.22537369376885197	0.22537369376885197
0.323878918693444	0.22537369376885197	0.22537369376885197	0.22537369376885197
0.290081202273742	0.30230974919181397	0.20380452426722198	0.20380452426722198
0.23822399785926604	0.250478123395188	0.27304830226843	0.238249576477116
0.07293742879798198	0.07293742879798198	0.07293742879798198	0.781187713606054
0.708417529617088	0.193323193706873	0.000196758598842666	0.0980625180771963
0.000196758598842666	0.815267286718598	0.000196758598842666	0.18433919608371696
0.18433919608371696	0.000196758598842666	0.815267286718598	0.000196758598842666
0.925530805510028	0.0248230648299907	0.0248230648299907	0.0248230648299907
0.0248230648299907	0.0248230648299907	0.8392541275035071	0.111099742836511
0.0463922343316209	0.0463922343316209	0.860823297005137	0.0463922343316209
0.20063080806789002	0.0982238601282472	0.0982238601282472	0.6029214716756159
0.17725932980086104	0.17725932980086104	0.17725932980086104	0.46822201059741797
>M00852_2.00
0.214109133646349	0.272186054212941	0.20986948874371902	0.303835323396992
0.0280399203121837	0.0850831675626332	0.33483210256297397	0.5520448095622089
0.0294680879525615	0.0611486578480576	0.8829847351090659	0.0263985190903154
3.8944736988245e-05	0.18389930649837602	0.00820208476054924	0.8078596640040859
0.11060771115302802	0.636503430399981	0.0878815432104772	0.165007315236513
0.0915087568826214	0.24627152100316602	0.41839864368746205	0.24382107842675102
0.168398649543887	0.288973238173621	0.367356983478951	0.17527112880354098
0.221967433451055	0.29369172855323	0.257889364947414	0.22645147304830104
>M00853_2.00
0.329018065550378	0.12117028241919199	0.12117028241919199	0.42864136961123706
0.000146802782206328	0.0946672421335729	0.8018235841605671	0.10336237092365401
0.409388918738788	0.000146802782206328	0.19050890652479605	0.399955371954209
0.000146802782206328	0.000146802782206328	0.000146802782206328	0.999559591653381
0.000146802782206328	0.000146802782206328	0.999559591653381	0.000146802782206328
0.000146802782206328	0.000146802782206328	0.000146802782206328	0.999559591653381
0.999559591653381	0.000146802782206328	0.000146802782206328	0.000146802782206328
0.000146802782206328	0.000146802782206328	0.999559591653381	0.000146802782206328
0.417639235098784	0.3244077241751889	0.12897652036301402	0.12897652036301402
>M00854_2.00
0.0245680666150246	0.9740352500151609	0.0006321980872239259	0.0007644852825906861
0.813518241948573	0.0635208596810276	0.0840463431452966	0.0389145552251023
0.00914008756469147	0.8824216164979759	0.000380096529446702	0.10805819940788601
0.0943890273625141	0.000303438850996216	0.904538465233915	0.000769068552574942
0.00023577732199695298	0.0436032866274402	0.0168631796989816	0.939297756351581
0.0219696311798738	0.000356885991234078	0.9435610779104051	0.034112404918487
0.0824123189932532	0.32109432517317893	0.5241274750724361	0.0723658807611321
0.14287823131991598	0.351423742217657	0.262957583096472	0.242740443365955
0.26303274501178897	0.265676268047317	0.238001869859398	0.23328911708149697
>M00855_2.00
0.00490196078431373	0.00490196078431373	0.00490196078431373	0.9852941176470591
0.00490196078431373	0.00490196078431373	0.9852941176470591	0.00490196078431373
0.9852941176470591	0.00490196078431373	0.00490196078431373	0.00490196078431373
0.00490196078431373	0.9852941176470591	0.00490196078431373	0.00490196078431373
0.00490196078431373	0.00490196078431373	0.9852941176470591	0.00490196078431373
0.00490196078431373	0.00490196078431373	0.00490196078431373	0.9852941176470591
0.00490196078431373	0.495098039215686	0.495098039215686	0.00490196078431373
0.495098039215686	0.00490196078431373	0.495098039215686	0.00490196078431373
>M00856_2.00
0.15447828875073	0.243863986064482	0.447179436434057	0.15447828875073
0.446767724132849	0.159792809610325	0.335084484968861	0.0583549812879656
5.9431584440097996e-05	5.9431584440097996e-05	5.9431584440097996e-05	0.9998217052466801
5.9431584440097996e-05	5.9431584440097996e-05	0.9998217052466801	5.9431584440097996e-05
0.9998217052466801	5.9431584440097996e-05	5.9431584440097996e-05	5.9431584440097996e-05
5.9431584440097996e-05	0.9998217052466801	5.9431584440097996e-05	5.9431584440097996e-05
5.9431584440097996e-05	5.9431584440097996e-05	0.9998217052466801	5.9431584440097996e-05
5.9431584440097996e-05	5.9431584440097996e-05	5.9431584440097996e-05	0.9998217052466801
0.390154979742744	0.418682734589836	0.0955811428337098	0.0955811428337098
0.42488664911057705	0.19170445029647398	0.19170445029647398	0.19170445029647398
>M00857_2.00
0.257874300999184	0.268398350865469	0.235679365566756	0.23804798256859103
0.42547622388043	0.167873222833286	0.2266051483862	0.180045404900084
0.254794171728733	0.162463936775739	0.497928279416475	0.084813612079053
0.0006934355139775441	0.723357067067261	0.258243507964815	0.0177059894539465
0.219297217657236	0.0579991275496838	0.0438347976227406	0.67886885717034
0.21163611837780497	0.312582482115305	0.322102035928528	0.153679363578362
0.259566572179845	0.24445059178549103	0.289748472343159	0.206234363691505
>M00858_2.00
0.22806837214033102	0.252054532218091	0.24954654771866697	0.270330547922912
0.23744515722473997	0.26505482194171304	0.262417482398251	0.235082538435296
0.24613314976971898	0.26135317373916195	0.220494477395863	0.272019199095257
0.198016405054968	0.353664909312505	0.175624796452072	0.272693889180455
0.5603456092290029	0.0284615414508171	0.32654042453341803	0.0846524247867622
0.0005536793493992981	0.6383140778936489	0.36098284896364397	0.00014939379330700502
0.215967986533263	0.14476767068498	0.0522024895586383	0.5870618532231179
0.22434536216403303	0.279551535397414	0.255490866094033	0.240612236344521
>M00859_2.00
0.331238955185354	0.22292034827154897	0.22292034827154897	0.22292034827154897
0.174295862041578	0.174295862041578	0.47711241387526604	0.174295862041578
0.0495297887337927	0.15784839564759803	0.24229531104183602	0.550326504576773
0.190933820463435	0.20847397891309102	0.0964522566169609	0.504139944006513
0.8085697833727141	0.000248198081925223	0.000248198081925223	0.190933820463435
0.000248198081925223	0.000248198081925223	0.900554474515021	0.0989491293211286
0.190933820463435	0.8085697833727141	0.000248198081925223	0.000248198081925223
0.0989491293211286	0.000248198081925223	0.000248198081925223	0.900554474515021
0.315840746182714	0.0273278498103767	0.432679993249012	0.22415141075789802
0.3858921728252879	0.17001692710918698	0.176874640112781	0.267216259952743
0.20071840934813298	0.20071840934813298	0.296922467883168	0.30164071342056703
>M00860_2.00
0.22874277456459	0.263116820253333	0.255340543017626	0.25279986216445005
0.288237101934909	0.24075586507706198	0.191288624810914	0.27971840817711496
0.171485380767858	0.4303066179085	0.0697207529198719	0.32848724840377
0.6920232895587181	5.555507611160501e-05	0.26233429108719897	0.0455868642779718
0.00864080271101594	0.5426667894583139	0.33579319662878304	0.112899211201887
0.192008021791969	0.133959451228131	0.0796416463569289	0.5943908806229711
0.21482240376421602	0.301814218550285	0.223589472374193	0.25977390531130606
>M00861_2.00
0.19011902080328402	0.28362425070655395	0.23690288785622798	0.28935384063393393
0.289658997782487	0.230143807014563	0.175687063031546	0.304510132171404
0.21281298784216396	0.354395594793159	0.10889823135553998	0.32389318600913697
0.640719105599845	0.0575463752309376	0.217585341496618	0.0841491776725994
0.00955275584014029	0.690095284675496	0.264232575190054	0.036119384294309
0.17790396598103303	0.11343657700328899	0.00150869326469784	0.7071507637509801
0.22283286415209502	0.28327608920555497	0.28612306123253806	0.207767985409812
>M00862_2.00
0.232050720531112	0.27505084479001696	0.24152089008625696	0.25137754459261397
0.24284152426007002	0.265710950857105	0.230998003368733	0.260449521514091
0.27520223490709	0.261780463534192	0.246535556144245	0.21648174541447301
0.0555865333321174	0.7559240931272789	0.0584365158393041	0.1300528577013
0.00397509596336783	0.0621809628304083	0.383772100748798	0.550071840457426
0.0052484377644412	0.107547269062649	0.000128468757599418	0.8870758244153101
9.12095148201067e-05	0.00217146909607469	8.58978861838739e-05	0.9976514235029209
0.27889668756011604	0.24246113216156698	0.202520561125764	0.27612161915255296
>M00863_2.00
0.21965386640003196	0.282041147319467	0.23794819283274302	0.26035679344775897
0.20678707891968898	0.28477222767084603	0.24025230923656501	0.268188384172899
0.37352386877734794	0.217670381769821	0.19113536768301004	0.217670381769821
0.141711718434586	0.0542604088567078	0.688004130750864	0.116023741957842
0.973804468623884	0.000221177558925375	0.000152774933125869	0.025821578884064996
0.0606365642555041	0.000200869081819958	8.50001789485323e-05	0.9390775664837271
0.100444936196894	0.330170662083257	0.267631137175725	0.301753264544123
0.195050489139195	0.29390554600955104	0.25296684777239004	0.258077117078865
>M00864_2.00
0.992596758076864	0.00280197492258281	0.0008189964728889741	0.0037822705276638795
0.9916095075762621	0.00309358121539288	0.0009505917338155019	0.00434631947452946
0.0158899890886843	0.00590434956693685	0.0477361653322375	0.9304694960121409
0.987483679063482	0.0026782402885372897	0.0030500560578828302	0.0067880245900975794
0.9764859531312099	0.009243867568389321	0.00445470288495924	0.009815476415441721
0.00604774695654578	0.0200792270107871	0.00155221943304204	0.972320806599625
0.0267934936759791	0.0076000823668047595	0.00442893471755773	0.961177489239658
0.9908150814704109	0.0025562156933233897	0.0019709741640795	0.00465772867218587
0.00229201935430187	0.991712495384659	0.00261021669575104	0.00338526856528821
0.0019382534231419102	0.00521629442763638	0.008686649179840009	0.9841588029693821
>M00865_2.00
0.256337255733948	0.22063152067070801	0.26151561179767197	0.26151561179767197
0.25217487341096395	0.27045961483680797	0.23748935204195	0.23987615971027698
0.22300128755283802	0.27237438768110606	0.17194549641140197	0.33267882835465395
0.24704366112095102	0.29873744780469896	0.27302546976119896	0.18119342131315197
0.32540317882361497	0.250902637068487	0.22031645922059498	0.203377724887303
0.231735050080345	0.283041829320959	0.193561384277895	0.291661736320802
0.262551042371094	0.249746276938827	0.20042608197199802	0.287276598718082
0.28993661322021397	0.31408458354269103	0.23036438180842	0.165614421428676
>M00866_2.00
0.32226116532327004	0.225912944892243	0.225912944892243	0.225912944892243
0.20041992243131998	0.20071129527369	0.19579811410795603	0.40307066818703496
9.33887315288763e-05	9.33887315288763e-05	9.33887315288763e-05	0.999719833805413
9.33887315288763e-05	9.33887315288763e-05	0.999719833805413	9.33887315288763e-05
0.999719833805413	9.33887315288763e-05	9.33887315288763e-05	9.33887315288763e-05
9.33887315288763e-05	9.33887315288763e-05	9.33887315288763e-05	0.999719833805413
9.33887315288763e-05	9.33887315288763e-05	9.33887315288763e-05	0.999719833805413
9.33887315288763e-05	9.33887315288763e-05	0.999719833805413	9.33887315288763e-05
0.7384893718954079	0.115539838232039	0.12179034603326701	0.0241804438392855
0.23587285310979803	0.353572539230271	0.143423612220102	0.267130995439828
>M00867_2.00
0.826367354659675	0.060766546432367	0.0713102028290845	0.0415558960788733
0.0009014514300670211	0.00033832472683561	0.000263487562203116	0.998496736280894
0.36547062860321	0.06743646644252901	0.0883393737187507	0.47875353123551
0.99990441441848	3.04295741552611e-05	3.87837002964607e-06	6.1277637335087e-05
0.0514889502222131	0.000353938265144962	0.0309188869687867	0.9172382245438551
0.0470017582303256	0.0018407719298076	0.23048482148953897	0.7206726483503281
0.18859922366547602	0.167272505821291	0.459263561689026	0.184864708824208
0.27629416061471	0.24751374046635602	0.273544987782921	0.202647111136012
>M00868_2.00
0.17792023930521303	0.29334088300579303	0.252480837821052	0.27625803986794206
0.173522119736301	0.0719740100760791	0.21194039564056003	0.54256347454706
0.0652090042155507	0.114159610441061	0.14368128682908402	0.676950098514304
0.0078335796602835	0.861279933143035	0.121318531393667	0.00956795580301452
0.0345375024159031	0.273703597482653	0.314834076829818	0.376924823271626
0.364814741272566	0.181161639143837	0.21906963923858397	0.234953980345013
0.24304410530513	0.21129239451714396	0.282376964029605	0.263286536148121
0.29523344834422804	0.20804749474705897	0.26448020091297697	0.23223885599573602
>M00869_2.00
0.21960152389412801	0.20475510372323397	0.39221676108777703	0.18342661129486101
0.380662370678956	0.19093113554876398	0.215274254195344	0.213132239576936
0.402559252802669	0.170347811696994	0.203943357927247	0.223149577573089
0.213067134209061	0.255087672577939	0.29636959289140197	0.235475600321598
0.18353499943635798	0.37706039811171504	0.263066113277455	0.17633848917447198
0.12083744033977499	0.0304001084032098	0.102970874262896	0.745791576994119
0.0358673569411891	0.0005944180645169999	0.000755653459422303	0.962782571534871
0.000181892008678385	0.9979047906633121	0.00011714507830155501	0.0017961722497078399
0.0433842618372103	0.361440250038242	0.287176423963744	0.30799906416080397
>M00870_2.00
0.38499867507544705	0.118301907263864	0.27678468486701	0.219914732793678
0.38577211876325895	0.129702949164275	0.128412383257084	0.35611254881538207
0.323298113760621	0.14239072316197698	0.106545790508491	0.427765372568911
0.25390393280366397	0.19189646431375001	0.0915564734748173	0.462643129407768
0.0905871242104733	0.286091613335143	0.0914975399443084	0.531823722510075
0.15887143435417003	0.5327729167262921	0.24179621535588602	0.0665594335636528
0.0539480860630266	0.741015997777867	0.083765582648708	0.121270333510399
0.0474401354593912	0.0790016398607602	0.787976769894729	0.0855814547851198
0.0111872714947086	0.18957347075649	0.7842882806080009	0.0149509771408002
>M00871_2.00
0.24376324144011102	0.24621310274514702	0.25118693735189496	0.258836718462847
0.283785733168106	0.249190955660826	0.234679204133709	0.232344107037358
0.193713464922137	0.251232820838763	0.132473163113562	0.422580551125538
0.6687419759490361	0.0941979387669794	0.10204340886652802	0.135016676417457
0.5909108027148641	0.22852944864893002	0.08576963850652901	0.0947901101296764
0.13227150504889099	0.661729370401122	0.0826699906912849	0.12332913385870199
0.23452716470339605	0.139431218485603	0.39844577732764197	0.22759583948335896
0.34912269953689096	0.102045973795735	0.409699283205479	0.13913204346189498
0.331203233623168	0.257941337712394	0.158021671646925	0.252833757017513
0.279702190766609	0.296998008301778	0.18013839792382602	0.243161403007788
>M00872_2.00
0.372371069090832	0.164004006072553	0.206415443663372	0.257209481173243
0.169774903090132	0.107176119746649	0.59852809124197	0.12452088592124902
0.808079617166335	0.000263068872390349	0.000200821382790267	0.191456492578485
0.09708680744585199	7.48844211825663e-06	1.13971210146536e-05	0.902894306991015
0.353862964636787	0.18107471438610698	0.12507452164465302	0.339987799332453
0.13124611880166498	0.418666361644516	0.114099894247055	0.33598762530676396
0.19649258156500102	0.164124400149534	0.428643117003731	0.21073990128173395
0.232136195023767	0.269703780348431	0.256550171768672	0.24160985285913003
0.241508458344406	0.236726270462346	0.195762951609465	0.32600231958378306
>M00873_2.00
0.22642039322361202	0.22642039322361202	0.320738820329164	0.22642039322361202
0.528871870810114	0.125805676698797	0.125805676698797	0.21951677579229198
0.9997679001227809	7.736662573972171e-05	7.736662573972171e-05	7.736662573972171e-05
7.736662573972171e-05	7.736662573972171e-05	0.9997679001227809	7.736662573972171e-05
0.9997679001227809	7.736662573972171e-05	7.736662573972171e-05	7.736662573972171e-05
7.736662573972171e-05	7.736662573972171e-05	7.736662573972171e-05	0.9997679001227809
0.4028843825408279	0.20177680192673803	7.736662573972171e-05	0.39526144890669396
7.736662573972171e-05	0.798068464821782	7.736662573972171e-05	0.20177680192673803
0.0236569734021277	0.0236569734021277	0.7243053830924531	0.228380670103292
0.12427168992694301	0.330831296656911	0.42062532348920395	0.12427168992694301
>M00874_2.00
0.29731638770001595	0.20130010420651503	0.359529722191616	0.141853785901852
0.335159805813085	0.17672722646807998	0.274405640224085	0.21370732749475
0.47753558261076207	0.0907981286652491	0.172196914871705	0.25946937385228397
0.9158427327275601	0.004305290699761729	0.0446942412078943	0.0351577353647834
0.0743247962106649	0.0148566061852105	0.0053572170194537295	0.9054613805846708
0.161206362607106	0.56832037451418	0.0958404950418748	0.174632767836839
0.18401064190685298	0.280057122787073	0.21378986478837803	0.322142370517696
>M00875_2.00
0.31360743246614003	0.21233006805890303	0.23466101624776	0.239401483227197
0.48025918385750505	0.124502516029187	0.16147105889675	0.233767241216559
0.5899386743680389	0.14402956485369503	0.129026600690241	0.137005160088025
0.578988718243285	0.121666414553263	0.187032611121566	0.112312256081887
