>M00008_2.00
0.28295895050258896	0.248464961579856	0.24599269390504502	0.22258339401250998
0.31665902396267703	0.18453249282953102	0.236944410987863	0.261864072219928
0.377777871501523	0.11265233353358699	0.20941258176308603	0.300157213201805
0.6163930334523089	0.0689847041998677	0.11148441459121801	0.203137847756605
0.675764369206464	0.0427703219414491	0.0631709440515372	0.21829436480055
0.326032179952778	0.133886990300119	0.0820227041025529	0.458058125644551
0.321153050529938	0.137265609257083	0.11238357564255498	0.429197764570424
>M00056_2.00
0.0709225440806045	0.0709225440806045	0.00795025188916876	0.850204659949622
0.8665022660623829	0.0133964276193015	0.0133964276193015	0.106704878699014
0.873259934193875	0.0127182991647684	0.0190458111870413	0.0949759554543154
6.20963735717834e-05	6.20963735717834e-05	6.20963735717834e-05	0.9998137108792851
0.751428216592151	0.0311102831594635	0.0186910084451068	0.198770491803279
0.6351232394366201	0.0503646881287726	0.00635060362173038	0.30816146881287704
0.669101814826207	0.0615964318671178	0.0308366656413411	0.23846508766533397
0.206916360294118	0.0575597426470588	0.0575597426470588	0.677964154411765
>M00066_2.00
0.22830393398521398	0.22830393398521398	0.22830393398521398	0.315088200911901
0.11994967663993901	0.353085889560555	0.407014760027111	0.11994967663993901
0.00012995089519533102	0.00012995089519533102	0.9996101501819571	0.00012995089519533102
0.00012995089519533102	0.00012995089519533102	0.00012995089519533102	0.9996101501819571
0.00012995089519533102	0.00012995089519533102	0.00012995089519533102	0.9996101501819571
0.0869142178218819	0.00012995089519533102	0.912825883255271	0.00012995089519533102
0.00012995089519533102	0.9996101501819571	0.00012995089519533102	0.00012995089519533102
0.00012995089519533102	0.43725075363408794	0.00012995089519533102	0.5624893474430639
0.9345219499869419	0.021826017626867002	0.021826017626867002	0.021826017626867002
0.130180274972142	0.30489815215475297	0.261305963874066	0.303615611866583
>M00070_2.00
0.268573054262532	0.272224098600492	0.178881124892159	0.28032172197256
0.509792991184065	0.0988059539387115	0.292595100666254	0.0988059539387115
0.848015945733017	0.0506613513315748	0.0506613513315748	0.0506613513315748
0.9998925296514691	3.58233587579233e-05	3.58233587579233e-05	3.58233587579233e-05
3.58233587579233e-05	0.903786029772174	3.58233587579233e-05	0.0961423232380522
0.903786029772174	3.58233587579233e-05	3.58233587579233e-05	0.0961423232380522
0.9998925296514691	3.58233587579233e-05	3.58233587579233e-05	3.58233587579233e-05
3.58233587579233e-05	3.58233587579233e-05	3.58233587579233e-05	0.9998925296514691
0.591260021970652	0.071154698398535	0.071154698398535	0.26643058096002104
0.345743240642011	0.151229869351982	0.25762548136395497	0.24540140836979502
0.199374471959119	0.199374471959119	0.199374471959119	0.40187658385038705
>M00112_2.00
1.94011795238631e-05	0.999823320233314	3.75372534169443e-05	0.00011974133374526002
9.08528963419317e-05	0.899182839059778	9.26882465930375e-05	0.100633619797287
0.0230421044990656	0.234468950617137	0.17720782076099698	0.5652811241228011
0.107617916577863	0.390952920417022	0.394882062588589	0.10654710041652499
0.537857107909673	0.155647358567993	0.28645828581645	0.0200372477058837
0.0516492487120415	2.26969585288651e-05	0.9481148542788309	0.000213200050598331
1.40896539685254e-05	1.07557529223645e-05	0.999930209537075	4.4945056034357104e-05
1.0601673728354599e-05	0.66731126865474	0.33137696910751696	0.00130116056401435
0.201421798491112	0.246017140222317	0.349114940066573	0.203446121219998
0.59882632920962	0.108307198703776	0.129667258835303	0.163199213251302
>M00114_2.00
0.213213787429274	0.17631908900295398	0.135951113189137	0.474516010378635
0.222123506147444	0.32157588855994396	0.13472471673266803	0.32157588855994396
0.00478362919641185	0.213833891119125	0.7538545943179069	0.0275278853665555
0.000430838687202067	0.9610038970142041	0.000168297583797166	0.0383969667147971
0.000296264943351167	0.937764501068933	0.00016422774162623799	0.0617750062460897
0.00127416399055201	0.327762830445553	0.13595042117340597	0.535012584390489
0.12283680061357699	0.314459927007858	0.39184119773214005	0.17086207464642403
0.45498992174206504	0.254748114012054	0.23050562573609	0.0597563385097914
0.11850520905443199	0.0011330996365641	0.841307237723707	0.0390544535852974
0.00287140224402626	0.00165665498037093	0.957954705172133	0.037517237603470005
>M00115_2.00
0.24657834723016397	0.267115134719493	0.23221874217354302	0.2540877758768
0.37832635001821996	0.0896360141820021	0.2461047314782	0.285932904321579
0.9322114936409621	0.0200365822266229	0.0244727367948736	0.0232791873375417
0.109458979242345	0.0571425978483104	0.0942122165276178	0.739186206381727
0.19844123835644603	0.33378364972671803	0.113351434001304	0.354423677915533
0.708755458566087	0.0564587654757789	0.13886615519520099	0.0959196207629333
0.607308176151133	0.100387366356177	0.141038988477037	0.15126546901565302
0.5193059562593351	0.108039102397705	0.18725910026111398	0.18539584108184698
0.347376666387168	0.20243314527108497	0.185009964398597	0.265180223943149
>M00124_2.00
0.26060024294712597	0.19305740829909399	0.290902336352727	0.25544001240105396
0.29793023905844	0.203742993142553	0.26161118165603003	0.23671558614297603
0.174845419346246	0.16631810762272	0.24564865061748498	0.413187822413548
0.186209518539145	0.177127973158042	0.390283142994319	0.24637936530849397
0.445740630679515	0.112138782932429	0.281388770307779	0.160731816080276
0.171869448661945	0.42273063057750104	0.18249726182200599	0.222902658938548
0.256025131187297	0.100010542808951	0.48071549482366704	0.16324883118008401
0.268048797437197	0.185150506687499	0.235372424298521	0.311428271576784
0.340202770825314	0.18301018823893497	0.278534470766432	0.19825257016931896
0.336612897177345	0.151249924417627	0.27013817763146697	0.24199900077355999
>M00125_2.00
0.226158758981284	0.20260073629549802	0.358252206553059	0.21298829817015902
0.460836224519383	0.137420108442501	0.369829732972602	0.0319139340655144
0.00417288499415343	0.0131787757989268	0.00161382581365573	0.981034513393264
0.0442732104200353	0.0369800938285227	0.742765039639438	0.175981656112004
0.987798821730448	0.000324808031536996	0.000224356058263362	0.011652014179751998
0.0411559906082369	0.637382212879946	0.12363942864415599	0.197822367867661
0.16679347815222303	0.107421074737148	0.49608951744945295	0.22969592966117602
0.20316766525308397	0.294132861548842	0.1361873587346	0.366512114463475
0.36658826411891704	0.277061449842655	0.220134631866832	0.136215654171596
0.35048041780899	0.20220961061575196	0.21471355461233604	0.232596416962922
>M00133_2.00
0.210214407571191	0.45857689986428296	0.118881595074104	0.21232709749042197
0.423406791245328	0.501866123730669	0.0287412507391725	0.0459858342848302
0.0297602196090288	0.909752503820572	0.0248578249252349	0.0356294516451644
0.15690874338825303	0.0140928050141127	0.668919941331565	0.160078510266069
0.000767376052937512	0.9875446309813729	3.89772043883716e-05	0.0116490157613014
0.000263797188945762	0.9996700793010029	3.04224427557677e-05	3.57010672950548e-05
0.00043390947821294397	0.833039163893857	1.2715680760522e-05	0.166514210947169
0.29678894259022	0.562854554750655	0.0135044769405829	0.12685202571854198
0.10201952086444098	0.541944813267098	0.11972101678456301	0.236314649083899
0.20757463322686395	0.29752282750255105	0.14923033029353602	0.34567220897704803
>M00134_2.00
0.23444088113604103	0.18076601318506602	0.41455408558204904	0.17023902009684302
0.21924190834352603	0.497788717205339	0.115604597314776	0.167364777136359
0.177318175739184	0.5380468949393571	0.0765501224727117	0.20808480684874697
0.515538231719686	0.352556701669295	0.0895871115518748	0.0423179550591436
0.00989471287848145	0.9745741058266809	0.000320459480145921	0.0152107218146911
0.228736022007577	0.010304375355510998	0.660217018005044	0.100742584631868
8.86864078096847e-05	0.9995961618268481	0.00024107465073966298	7.407711460275341e-05
0.000191497324613667	0.9993634810916341	0.000173273944767151	0.00027174763898562204
0.0011206722152867401	0.823800753256246	0.00022853376711724703	0.17485004076135002
0.342123520859963	0.258571394647775	0.0771052864381137	0.322199798054149
>M00153_2.00
0.328843577877036	0.158472676531907	0.193558964202559	0.319124781388498
0.34006247008962104	0.13825908277589802	0.13825908277589802	0.3834193643585829
0.250780641145707	0.15210614773010597	0.248285332074236	0.348827879049951
0.14666225553578197	0.21232802399048198	0.47729386085815007	0.16371585961558702
0.0491484979435091	0.10938199373242999	0.8412141669005508	0.00025534142351
0.0986661116261265	0.8816027342520509	9.02047344252513e-06	0.0197221336483805
0.0012280856392551	1.33726536030681e-05	0.9779480646279091	0.0208104770792331
0.0225806909007298	0.6245898258175141	0.326064480811723	0.0267650024700323
0.13556626962152	0.28413815903175393	0.361210393228366	0.21908517811835998
0.23482140428296	0.292605487709977	0.182879093545217	0.289694014461846
>M00154_2.00
0.323790592755454	0.15760580150149697	0.18495212138838601	0.333651484354664
0.356499378697037	0.12351128115075301	0.133798173580769	0.38619116657144004
0.252757883752165	0.14437759417213503	0.24775294232253198	0.355111579753168
0.126742173966619	0.20076898056657003	0.545746671500192	0.126742173966619
0.0232070150549405	0.0747728316544645	0.9018557685128009	0.000164384777794226
0.0697405548006561	0.911217845043276	0.00022419972329277402	0.0188174004327752
0.00017553967584163401	2.54792677191168e-05	0.982509300727006	0.0172896803294328
0.0114090466118411	0.610578337618563	0.359389443932401	0.0186231718371942
0.10846386661200501	0.261495504132897	0.38622383726551207	0.24381679198958603
0.25079721074565803	0.271685375006052	0.16811439786399598	0.309403016384294
>M00156_2.00
0.41134931616517795	0.141096319104512	0.19046010905013	0.25709425568018
0.256227762694339	0.286021432533117	0.21401941752164397	0.24373138725090002
0.25568941260725603	0.34514460559435395	0.285420484136688	0.113745497661703
0.36072465180895796	0.386880140240612	0.177348181964265	0.0750470259861646
0.14315044477816102	0.0280474056891832	0.7453814780040151	0.0834206715286401
0.125128175356779	0.0233206355624157	0.756981348543658	0.0945698405371466
0.888187339909861	1.7234927095311702e-05	0.0396140039019221	0.0721814212611215
0.7876956662188449	2.8130856939686895e-05	0.0293446957356724	0.182931507188543
0.390316064763586	0.11071472340129401	0.4144518622655421	0.0845173495695782
0.222955787475688	0.19774404440056198	0.143591647436285	0.435708520687466
>M00157_2.00
0.31017338524865	0.23915968058053302	0.23209144382544197	0.21857549034537602
0.5154680748945649	0.09999051899534499	0.27180241075733497	0.112738995352755
0.10086791011411	0.708969026865573	0.159782232320111	0.0303808307002067
0.12554155057149402	0.8477932386411479	0.0215987789786268	0.005066431808731339
0.0085112685472212	0.00618044946017425	0.9837688846601899	0.00153939733241488
0.0017654094547968	0.0052508115678933	0.990671155350643	0.00231262362666673
0.980239108722157	0.00891554632682366	0.004748346875668621	0.00609699807535093
0.784085721955039	0.0209999142464562	0.005389854307691361	0.189524509490813
0.330436609745695	0.0694366509711533	0.572730251002402	0.0273964882807491
0.0858380405071609	0.235677011103327	0.0929872391947105	0.5854977091948019
>M00158_2.00
0.49792901441391707	0.0965882913006242	0.14554095515536497	0.259941739130094
0.239502291241743	0.27549321037513597	0.259449734777196	0.225554763605924
0.23866632975795601	0.401443365669782	0.297396559875035	0.0624937446972264
0.33940169872134	0.554010897857408	0.0934273714093682	0.0131600320118835
0.00933634173355213	0.0012385167552338	0.9862545616320291	0.00317057987918468
0.00669669157474901	0.0031950847386645	0.9839879084181871	0.006120315268399229
0.979496521844577	0.00437995603795759	0.00545776129969188	0.0106657608177736
0.868198684634277	0.0198146306877282	0.00460167601719852	0.10738500866079599
0.352315824362791	0.0960172633489269	0.5308757500897929	0.0207911621984886
0.12374256983080302	0.24425270308994398	0.082947125111155	0.5490576019680979
>M00159_2.00
0.40121255166294895	0.13489427737607798	0.18951938996945702	0.27437378099151605
0.28800450398737504	0.29975819076397	0.235798144447398	0.17643916080125702
0.207309804841041	0.5048262526956621	0.205247037817792	0.0826169046455051
0.27637634871375705	0.6150868756466751	0.0849245758288725	0.0236121998106963
0.0012560800541507198	0.0181377572774525	0.9804344622709429	0.00017170039745347099
0.00507709499697475	0.055965713630243	0.8931363405041991	0.0458208508685831
0.81046796392611	0.0284347450498608	0.0765245660778543	0.0845727249461746
0.293995198448122	0.18191934608519397	0.06759698866253201	0.45648846680415206
0.285184843483185	0.231166341325141	0.308937052838067	0.174711762353607
0.171413568588382	0.27701708036176503	0.125722760143274	0.42584659090657895
>M00160_2.00
0.27234211625268	0.21328671951678302	0.238265246125668	0.27610603260575106
0.383328193588782	0.0712158008913969	0.521887986157601	0.0235682185335831
0.11742758264235198	0.10526520597022601	0.0210018079705617	0.7563055080973851
0.8349385026045909	0.15226585006491597	7.0390373555883406e-06	0.0127883643888478
0.9082916124719341	0.0590962010588429	0.00296668656625975	0.0296454989332124
0.977392902172744	0.0144893649085107	0.00162798954200791	0.00648962664276037
0.00128198537517329	0.8436319706146109	6.761262093822791e-07	0.15508512995906304
0.9651643240519909	0.0120825995700766	0.00683096886814409	0.0159216749084756
0.4796537457066121	0.164188799651585	0.11469392096836001	0.241463306001435
0.4170433958676	0.18522058114513104	0.142284706891523	0.25545144260555497
>M00162_2.00
0.160143769968051	0.000399361022364217	0.8390575079872209	0.000399361022364217
0.000322164948453608	0.0325386597938144	0.000322164948453608	0.9668170103092779
0.878026634382567	0.12136803874091999	0.000302663438256659	0.000302663438256659
0.9688256658595641	0.0305690072639225	0.000302663438256659	0.000302663438256659
0.9990920096852299	0.000302663438256659	0.000302663438256659	0.000302663438256659
0.000302663438256659	0.63589588377724	0.000302663438256659	0.363498789346247
0.9990920096852299	0.000302663438256659	0.000302663438256659	0.000302663438256659
0.63077731092437	0.105567226890756	0.105567226890756	0.15808823529411803
>M00163_2.00
0.30946717411988595	0.142959086584206	0.5473358705994289	0.000237868696479543
0.295052424639581	0.000163826998689384	0.000163826998689384	0.704619921363041
0.619510135135135	0.29574887387387394	0.00014076576576576598	0.0846002252252252
0.8885341476957249	0.0695446973903387	0.000138811771238201	0.0417823431426985
0.9995835646862851	0.000138811771238201	0.000138811771238201	0.000138811771238201
0.000138811771238201	0.957940033314825	0.000138811771238201	0.0417823431426985
0.9995716733295259	0.000142775556824672	0.000142775556824672	0.000142775556824672
0.660067873303167	0.132164404223228	0.0567496229260935	0.151018099547511
>M00164_2.00
0.3662825360568471	0.166235422614399	0.164581352522887	0.302900688805867
0.34513928815794104	0.17139109828052201	0.19518504736675402	0.288284566194783
0.267835598131953	0.18133993296251003	0.196443204228677	0.35438126467686
0.346821123737411	0.10872362955115301	0.41939330432504296	0.125061942386393
0.14696921545559302	0.100506574798746	0.0318240771518093	0.720700132593852
0.7000159432492299	0.254959092577518	0.00071971722441527	0.044305246948835995
0.906191774842258	0.0534769626307807	0.000316399683627942	0.0400148628433332
0.934400201891173	0.0007709782078054651	0.0235683527929789	0.041260467108043
0.0330484336064883	0.6006270363025601	0.0333805758860472	0.332943954204905
0.853101249169001	0.04788863631889599	0.04555307996613201	0.0534570345459708
>M00165_2.00
0.22926701732878801	0.28002736731107897	0.263719842969216	0.22698577239091697
0.435295145023478	0.191717760947668	0.0406917063183935	0.33229538771046097
0.004967935345269321	0.00323168712432978	0.9853573127127941	0.0064430648176071895
0.991817700732048	0.000570945981135999	7.65002953458598e-05	0.00753485299147058
0.00297106587430762	0.00456729336790529	0.0012572424222578099	0.9912043983355291
0.755577468877422	0.0204397659961974	0.0117927191168229	0.21219004600955804
0.638146148771328	0.0805249706529189	0.15119453677678601	0.13013434379896802
0.18099215502569396	0.289586397036023	0.35725638447259395	0.17216506346568902
>M00166_2.00
0.268595308538066	0.23350554347257202	0.22660441172292198	0.27129473626644
0.27418236258398304	0.235990946477079	0.22901635996772698	0.26081033097121
0.22867199150633602	0.25526152944193803	0.268349067916781	0.247717411134945
0.42407769839770204	0.237440410652945	0.0653604077918271	0.273121483157526
0.073858764958996	0.0288512894827663	0.8731913228917471	0.0240986226664905
0.941711163421407	0.009657150329521741	0.00174664814927604	0.0468850380997952
0.0627642819678857	0.0302466717406092	0.0362118405834024	0.870777205708103
0.48679364823804	0.18088117305308105	0.0953772722132176	0.23694790649566103
0.45394947571611	0.132686062421497	0.19018283615936	0.223181625703032
0.22731639541846696	0.25887436309191	0.316189861086736	0.19761938040288698
>M00167_2.00
0.269703780348431	0.232136195023767	0.256550171768672	0.24160985285913003
0.22392357954546802	0.265417705152645	0.268085197436073	0.242573517865813
0.334850659970013	0.238336762337814	0.11146210208194099	0.31535047561023305
0.139815314640845	0.11333209139725302	0.678797174134443	0.0680554198274593
0.7410473738539491	0.0469021987513449	0.102315845753466	0.10973458164124
0.190215310528653	0.082943250415074	0.0889573146489325	0.637884124407341
0.57750067319728	0.109805389040454	0.10445011702491	0.20824382073735603
0.49276831911212704	0.132958775676835	0.175921719901588	0.19835118530945003
0.218515098780926	0.26689494434165	0.34269989210567103	0.17189006477175303
>M00169_2.00
0.18956418094157604	0.248322338154507	0.16479918184208403	0.39731429906183297
0.171081790870764	0.16437357790100698	0.433608369017151	0.230936262211077
0.736822501836102	0.172836666572009	0.000112179728615862	0.0902286518632734
0.11980807844382199	0.19361876873328399	0.0307500345057661	0.6558231183171279
0.5440709047988189	0.33666203988173904	0.000272281064549355	0.11899477425489301
0.130719858433763	0.45625713718838	0.144467785953521	0.268555218424336
0.205555238834018	0.335531150417806	0.22945680537408802	0.22945680537408802
>M00170_2.00
0.209374165289353	0.23371978922879397	0.159831944433075	0.39707410104877705
0.16344992810857098	0.121086684918081	0.14496708162238	0.570496305350969
0.7674853192053799	0.0124674263604906	0.178237931485983	0.0418093229481472
0.971535101310018	0.004091359865039001	0.0156250813171579	0.00874845750778515
0.0113939050233551	0.00249198246805197	0.856692088970676	0.12942202353791699
0.130487487675333	0.0229032161190097	0.0957056506658374	0.7509036455398199
0.34326776121405295	0.0181471003579728	0.613089413505788	0.0254957249221857
0.0978174507940072	0.321533904194489	0.37356910008180894	0.20707954492969502
0.177217283429281	0.319697926282848	0.207966408626278	0.29511838166159304
0.1908376064177	0.262807766263031	0.19862583687928698	0.34772879043998195
>M00172_2.00
0.183788518882257	0.303016040366063	0.164644028893375	0.348551411858306
0.10709804025474001	0.0542576870483358	0.0231905456207886	0.8154537270761361
0.868219331648318	0.0225660004709857	0.0741762760590694	0.0350383918216263
0.965411276432904	0.0176821243302012	0.000907151512294873	0.0159994477246002
0.0182850218871125	0.0971331044120787	0.0507079269475786	0.8338739467532299
0.11305312887672199	0.0963375215980981	0.418994534233326	0.371614815291854
0.44759209354478396	0.0636807495795184	0.359201068902415	0.129526087973283
0.20497724166049106	0.31196748156189	0.273937220161304	0.209118056616315
0.22774032194720897	0.286633971452967	0.210230813923664	0.275394892676159
0.212728923235575	0.249639703984584	0.210612235083376	0.327019137696465
>M00178_2.00
0.212983564978736	0.4160985188141029	0.14297178180046802	0.227946058010701
0.20199830864390303	0.40155933521048903	0.182516420248175	0.21392590749360998
0.43224719698498903	0.0832386971017468	0.179281975127591	0.30523213530543397
0.394148831715654	0.0988161819829062	0.146383321994611	0.36065148776283296
0.532912403589485	0.0759975692685308	0.118189318375656	0.27290062448691604
0.27290062448691604	0.118189318375656	0.0759975692685308	0.532912403589485
0.36065148776283296	0.146383321994611	0.0988161819829062	0.394148831715654
0.30523213530543397	0.179281975127591	0.0832386971017468	0.43224719698498903
0.21392590749360998	0.182516420248175	0.40155933521048903	0.20199830864390303
0.227946058010701	0.14297178180046802	0.4160985188141029	0.212983564978736
>M00181_2.00
0.32520345372626897	0.22916700058983702	0.17669957922639898	0.26892996645749395
0.30276234090508397	0.11945600498365301	0.48928646904504297	0.0884951850662198
0.44733819761817895	0.00034414744439052795	0.5518713197625711	0.00044633517485961297
0.0418048308773705	0.000160897446537996	0.956242845758726	0.0017914259173651898
0.0235816055546311	0.000259361349771731	0.765452361956131	0.210706671139466
0.0486147527664135	0.000240250545785175	0.0851085107688053	0.8660364859189961
0.0811155593579275	0.6825766280869029	0.0971129560796966	0.13919485647547303
0.814947399329199	0.00027890712770241603	0.169545880349775	0.0152278131933236
0.270940698224519	0.314788180937982	0.14869540789212302	0.265575712945376
0.251452114581322	0.223018019282438	0.31965828699507004	0.20587157914117002
>M00182_2.00
0.33578737220568605	0.227347148736507	0.218432739528904	0.218432739528904
0.308956320636147	0.14740735988210502	0.41289771947713794	0.13073860000461002
0.384795666758287	0.0461876505416847	0.52464007584002	0.0443766068600085
0.0181956836105579	0.000549462034943976	0.9355966003392979	0.0456582540152006
0.0660962560171335	0.00011430466505718601	0.420360259257327	0.513429180060482
0.127654220423077	0.37967863798772106	0.10142556763144199	0.391241573957761
0.153029402103156	0.6523818651938249	0.10360960870111	0.090979124001909
0.586361748413982	0.0921978597841227	0.25313853736249897	0.0683018544393967
0.307590023870895	0.259502881083366	0.198099178149409	0.23480791689633101
0.26957740102958805	0.23909370625508397	0.22971870793922397	0.261610184776104
>M00183_2.00
0.21007079137642998	0.435913825370248	0.246520357351433	0.107495025901889
0.7036052267652639	0.0262120031668667	0.18984680200036302	0.0803359680675061
0.865652001443895	0.0266684970354782	0.10083474434974499	0.00684475717088147
0.0320962471405295	0.00046707712386111905	0.896715919499374	0.0707207562362352
0.0144404353048233	0.00322209664299445	0.9726577547932249	0.00967971325895767
0.123391778754142	0.007967449961606709	0.12216401004175899	0.7464767612424921
0.00816940563765475	0.7730905293987641	0.0775091626006755	0.141230902362906
0.7319291348282709	0.0198000348844655	0.220452818984855	0.0278180113024077
0.295828751190573	0.25976587476108104	0.12393791364149401	0.320467460406852
>M00184_2.00
0.34356138944152603	0.11784448285594301	0.441141556216851	0.0974525714856806
0.51954831379331	0.0101042871839782	0.465429114440445	0.0049182845822668105
0.00563963599803106	0.000371509636595245	0.972450839139337	0.0215380152260369
0.0141191075717081	0.000182232675365539	0.941551480861548	0.0441471788913782
0.004879509847040079	0.0148061816623222	0.0316597061608363	0.9486546023298009
0.00468914381682301	0.8935926386455741	0.028367666993087997	0.0733505505445154
0.851749483009157	0.0106684677378955	0.12118186695932599	0.016400182293621002
0.30484302415454806	0.30484302415454806	0.15290196575546303	0.23741198593544
>M00185_2.00
0.34764701054124103	0.151591230859571	0.34764701054124103	0.15311474805794598
0.564154770406057	0.0843798500645707	0.332064301558477	0.0194010779708956
0.0043173340653322	4.6080661741993897e-05	0.95588546208977	0.0397511231831555
0.00465096316110756	1.1879682756288302e-05	0.818173427916284	0.177163729239852
0.0508180914505329	0.0358109037895435	0.0692866621322951	0.844084342627628
0.0185409175355034	0.8540417223241601	0.0451495380460388	0.0822678220942981
0.8722783889910659	0.00605635798735793	0.104700995583432	0.0169642574381444
0.268793849602795	0.328305549270255	0.17838510553635	0.224515495590601
>M00186_2.00
0.0719686146457088	0.0275562705657936	0.876757212911391	0.0237179018771064
0.0437505875847487	0.0620850390697344	0.08297215280386501	0.811192220541652
0.263828037096849	0.19544861701793997	0.0353499690430781	0.505373376842133
0.277657402152318	0.0502187261307918	0.476462007386349	0.19566186433054197
0.0405349810133201	0.621518283944785	0.0642104089004576	0.273736326141437
0.0277353380187037	0.451559587279055	0.0911683083633784	0.429536766338863
0.579358558703091	0.135900304057869	0.150193063799858	0.134548073439182
0.268595404785704	0.156523502748827	0.265922835854326	0.30895825661114196
0.10859077543040802	0.168609680862009	0.656935909041511	0.0658636346660729
0.169606118035037	0.26334864375711997	0.36999104250351295	0.19705419570432997
>M00187_2.00
0.112835584572791	0.35993798588826	0.30671891909597604	0.22050751044297304
0.105430787301848	0.000349257674818788	0.8439174592709979	0.050302495752336
0.0424409336458691	0.0706765130996614	0.0596272874636096	0.8272552657908601
0.192405718073809	0.221319256245381	0.0140076871063394	0.5722673385744711
0.304136672299663	0.0284309170257433	0.48661690958528897	0.180815501089305
0.0691491785888586	0.656069139502986	0.0607195777721196	0.214062104136036
0.0713944591003391	0.379259346423031	0.11309410532481401	0.436252089151815
0.515964630284678	0.0835995567028914	0.266677007742875	0.13375880526955497
0.266259671311265	0.17670329747917	0.27712593463181606	0.27991109657775
0.176933801050619	0.21182821873450197	0.476170344631603	0.135067635583277
>M00188_2.00
0.10460541474048199	0.584171915965943	0.19445393876968897	0.116768730523886
0.26626815665561704	0.28273325991533504	0.15672676028861904	0.29427182314042893
0.0987182917144805	0.11242319255530199	0.0738673011471562	0.7149912145830609
0.512813771229944	0.10148517822633199	0.365005623486406	0.0206954270573174
0.255170070489562	0.103744408750694	0.573598839335824	0.0674866814239201
0.18431070824676898	0.45788724557119703	0.038344954917717	0.319457091264318
0.484396673826492	0.0189708605304189	0.233435111915555	0.263197353727534
0.869982303337705	0.0539724035691257	0.0478692277451737	0.0281760653479961
0.0219106017315499	0.9041277044395021	0.00265639679821137	0.0713052970307365
0.23620182358666503	0.300271367526744	0.33518634275057396	0.128340466136017
>M00193_2.00
0.181253455885075	0.20031604824150898	0.10562513466340599	0.51280536121001
0.193980970405793	0.157237918634521	0.162026526165536	0.48675458479415
0.16585636828673198	0.190780234809332	0.108975399336601	0.534387997567336
0.21452128041272198	0.234723668331547	0.38699390468230704	0.163761146573425
0.36646071385624995	0.20111790395601198	0.16631628768130402	0.266105094506434
0.24575445087036601	0.197222566513742	0.159865505371516	0.397157477244376
0.20458206909289003	0.302163786803069	0.324073133421216	0.169181010682825
0.226849150080173	0.220144744485694	0.217954267679183	0.33505183775495
0.257349941498865	0.22150314738620602	0.242363047626068	0.27878386348886103
>M00195_2.00
0.279066852762909	0.18142623221321802	0.18142623221321802	0.35808068281065597
0.289551319577206	0.189084572544428	0.212314722658093	0.30904938522027303
0.000105099534514162	0.000105099534514162	0.000105099534514162	0.9996847013964569
0.000105099534514162	0.000105099534514162	0.9996847013964569	0.000105099534514162
0.000105099534514162	0.9996847013964569	0.000105099534514162	0.000105099534514162
0.000105099534514162	0.000105099534514162	0.000105099534514162	0.9996847013964569
0.000105099534514162	0.000105099534514162	0.9996847013964569	0.000105099534514162
0.9996847013964569	0.000105099534514162	0.000105099534514162	0.000105099534514162
0.0686788673212966	0.613130189946389	0.162332011531521	0.155858931200794
0.24103816269197698	0.147189533347557	0.147189533347557	0.464582770612909
>M00196_2.00
0.009615384615384621	0.009615384615384621	0.009615384615384621	0.9711538461538459
0.009615384615384621	0.009615384615384621	0.009615384615384621	0.9711538461538459
0.009615384615384621	0.9711538461538459	0.009615384615384621	0.009615384615384621
0.9711538461538459	0.009615384615384621	0.009615384615384621	0.009615384615384621
0.009615384615384621	0.009615384615384621	0.009615384615384621	0.9711538461538459
0.009615384615384621	0.009615384615384621	0.009615384615384621	0.9711538461538459
0.009615384615384621	0.009615384615384621	0.9711538461538459	0.009615384615384621
0.9711538461538459	0.009615384615384621	0.009615384615384621	0.009615384615384621
>M00197_2.00
0.312218590091993	0.201080143373413	0.253079470436568	0.233621796098026
0.315225743470047	0.161303716891014	0.28522804782471994	0.23824249181422
0.42523056621574296	0.166106895635502	0.217594128294243	0.19106840985451198
0.6029190739271421	0.0430250705743831	0.0297188933256784	0.324336962172797
0.0582108950853009	0.5047546843229	0.245690481330408	0.191343939261391
0.9718327323320429	0.0164312285533999	0.000386425457465573	0.0113496136570912
0.890195843552127	0.031231946211952005	0.0783700224764826	0.000202187759438616
0.180232868149339	0.0521565476072301	0.0440026441726176	0.7236079400708141
>M00198_2.00
0.487867390277094	0.129029831286958	0.19442444457983804	0.18867833385610897
0.10515686390610801	0.36703351928598	0.4056347714669721	0.12217484534093902
0.6378785489873421	0.0446184702107684	0.0221568765869416	0.295346104214948
0.12789603504925698	0.0366428275487462	0.013890674394153	0.8215704630078441
0.11705436337824698	0.6668989070921509	0.13599776763016197	0.08004896189944
0.875401045845158	0.0139388808696319	0.0136628725358402	0.0969972007493702
0.8188302100444642	0.0464267939831732	0.0854453293825965	0.049297666589766
0.72831571103784	0.0197022850973639	0.107849272088819	0.144132731775977
0.17980190727058304	0.178012848401325	0.562198915545562	0.0799863287825294
0.267968167675622	0.18695504673928	0.403779200869774	0.141297584715324
>M00199_2.00
0.272019199095257	0.220494477395863	0.24613314976971898	0.26135317373916195
0.262728625640726	0.21296368491732395	0.281778600446024	0.242529088995926
0.27278568220718397	0.20616698352384602	0.316931746506273	0.204115587762696
0.471452910968308	0.150779608847361	0.193604850070073	0.184162630114258
0.40697785861081504	0.050843830254233	0.0450944321343712	0.49708387900058
0.0803233307973417	0.409960217252368	0.41824196299711297	0.0914744889531773
0.9342691194882521	0.000353371465391893	2.70454778527533e-05	0.0653504635685038
0.9419361002899259	0.0228268491814618	0.0350907456405559	0.000146304888056164
0.115516865688	0.0534858184308519	0.0351426869076893	0.7958546289734592
>M00200_2.00
0.487159123768363	0.134100673518248	0.192210439854373	0.186529762859015
0.10324149396875	0.36762773826119105	0.410374782305738	0.11875598546432199
0.639521406405043	0.0417091318725277	0.0226626930536154	0.29610676866881397
0.11867743091072301	0.0350371577451045	0.0121388268804152	0.8341465844637571
0.10763244765719197	0.677711824590873	0.134118288476808	0.0805374392751276
0.8745852865022651	0.0171800669991812	0.0132467179045118	0.0949879285940424
0.8098231024573979	0.0589574402687799	0.0862125563319932	0.0450069009418286
0.7584529298527249	0.014031162385068999	0.0996118108429573	0.127904096919249
0.18225354280279998	0.175107279174209	0.57559184653386	0.067047331489132
0.28433738073086606	0.183123629079668	0.403493949823329	0.12904504036613698
>M00201_2.00
0.8069584969134781	0.0184169647796695	0.0149285015095173	0.159696036797335
0.000157524588859826	0.0635499547647673	0.00941050187272624	0.926882018773647
0.000161598135965983	0.000156822189278747	7.94487858777095e-05	0.999602130888878
0.261590376745779	0.0787895073837275	0.649874867366293	0.009745248504200991
0.0832980933950098	0.0233927386641846	0.0285719555243901	0.8647372124164151
0.10248424117983401	0.262357753050303	0.14255231314300001	0.492605692626863
0.24585838129041798	0.288517483160959	0.199288930620812	0.266335204927811
0.20176072465591	0.2723484911859	0.161916774232915	0.36397400992527396
0.224773236137717	0.24841284373696	0.285742785443484	0.241071134681838
0.19369516134596199	0.30991113338324	0.195641830080553	0.300751875190245
>M00202_2.00
0.631817077418172	0.0561821964854463	0.0627149538857502	0.249285772210632
0.000159884593228424	0.0544181089015741	0.0415416684579456	0.9038803380472521
0.0900567940610594	0.000543590277255171	0.0200943868863885	0.8893052287752969
0.201839793489984	0.25916742492920203	0.44920272134973993	0.0897900602310741
0.32527102907238503	0.0690381168832244	0.0904374788584672	0.515253375185923
0.239856660496963	0.22815871312911604	0.19835165624148	0.33363297013244103
0.238055922287077	0.260474668246287	0.19884102054247602	0.30262838892415994
0.252608922990197	0.23789812454149303	0.22181474109232602	0.287678211375984
0.254385740784225	0.249348565625695	0.24441113321807395	0.251854560372006
>M00203_2.00
0.7113974249359108	0.0626291760243144	0.0749807369720422	0.15099266206773299
0.013622589533716999	0.10269150630803	0.0366615825496741	0.8470243216085792
0.0357064593868912	0.0053405658295399795	0.00048935435888526	0.9584636204246841
0.163602538544889	0.110768223414463	0.6768434061287699	0.0487858319118779
0.0839742722644965	0.0358918578705256	0.0341413913067298	0.845992478558248
0.11741882591448101	0.271985090762129	0.13917710398878	0.471418979334611
0.22307792663590803	0.34292822103369897	0.166921085240789	0.267072767089604
0.215725854380904	0.282593200330156	0.17662139122163395	0.32505955406730497
>M00204_2.00
0.30404569978107204	0.20792512073058397	0.241574525182085	0.24645465430625801
0.316486474923307	0.18259681171195	0.261721381215763	0.23919533214898103
0.34713453369203096	0.194360058411647	0.22581417127560102	0.23269123662072
0.595860948370394	0.0729670034987495	0.0634344654055111	0.26773758272534504
0.0784312742797353	0.5038218604625271	0.22865692915089603	0.189089936106841
0.883669313552388	0.0253830826205186	0.000562189056722227	0.0903854147703708
0.902298038132001	0.031974697447599995	0.0548688002313628	0.010858464189036
0.18265222547719698	0.0632809247976183	0.0424184724263827	0.711648377298802
>M00205_2.00
0.219704693756174	0.3480284897333	0.0911297525998388	0.34113706391068704
0.588174839607179	0.0372266257207374	0.07059958387278999	0.303998950799294
0.00030931713755448303	0.0350442590153206	0.0517596974980682	0.912886726349057
0.0252515799085562	0.0204685328604588	0.00197168542927037	0.9523082018017149
0.15833581025834698	0.11613091810137101	0.702551114018348	0.0229821576219344
0.113178245703981	0.038052392941476	0.0290484164832957	0.8197209448712478
0.10999125792839098	0.29306689369646804	0.16408767509112	0.43285417328402104
0.21807479996011897	0.312573025338198	0.156779149363486	0.312573025338198
0.195621672137349	0.256257436281237	0.20565140974100501	0.342469481840409
0.219141803285941	0.249564905549491	0.247081693249318	0.28421159791524997
>M00206_2.00
0.329744004549503	0.19603958629187196	0.241849736482702	0.23236667267592198
0.31597477823931003	0.16168700440754902	0.28590580251137	0.23643241484177102
0.38755891897349604	0.18490975334965198	0.214834483250624	0.212696844426228
0.6967678176199681	0.0589360076347961	0.0544047920391829	0.189891382706053
0.0465359212845988	0.507869494868367	0.19838796145654802	0.24720662239048605
0.9976117821218059	0.00129093170018852	0.000814944069858771	0.000282342108147136
0.902273166809847	0.0543213491694069	0.0431601372500868	0.000245346770659287
0.22114778494918697	0.0354751052002388	0.0308405748581958	0.7125365349923791
>M00207_2.00
0.19408778887538697	0.292454932130413	0.323212685832861	0.190244593161339
0.42109773614538104	0.16781546603758898	0.17998346026417603	0.23110333755285398
0.248778168411653	0.13929049014446	0.158627963700227	0.45330337774365903
0.182174316208353	0.439204005398205	0.21378354048022602	0.164838137913216
0.651949886400453	0.0318159487835441	0.10563266994775802	0.210601494868245
0.619209233778772	0.10133615268530302	0.13274675758577098	0.14670785595015398
0.49389216576107303	0.108020087552248	0.16940921957303098	0.22867852711364803
0.24537027561036498	0.21762391200616396	0.355231041388409	0.181774770995062
>M00208_2.00
0.6105072667068321	0.0801812900653711	0.0801812900653711	0.22913015316242602
0.027959046879859	0.0874214632878697	0.0551877400442034	0.8294317497880679
0.0774341518084521	0.0308589839306914	0.020893287211679	0.8708135770491781
0.237747436287488	0.20668769168636802	0.478764543461499	0.076800328564645
0.240465342333301	0.078458982525308	0.0776783026054413	0.6033973725359489
0.222149224043847	0.224381860862727	0.20506958005475198	0.34839933503867404
0.230661467872392	0.27340415687397396	0.18144473711028503	0.314489638143348
0.23623977419888395	0.248352046427588	0.218076797232624	0.297331382140904
0.24013185702114198	0.25498078177226896	0.25244368060329503	0.25244368060329503
>M00209_2.00
0.298568628902177	0.21251228937269398	0.246904054787523	0.24201502693760604
0.319249593338884	0.175207891660419	0.266659675329238	0.23888283967145899
0.357639051200971	0.192389938280343	0.23734724580447397	0.21262376471421301
0.67959854598896	0.0552297772466033	0.0563454927561736	0.20882618400826303
0.0568531235570021	0.555834819086255	0.186880833987697	0.200431223369046
0.9316083274691228	0.0119044523547012	0.00095782755543542	0.0555293926207398
0.86901361542825	0.0262419373598126	0.0812360239482673	0.0235084232636701
0.183811159275027	0.0599738673090221	0.0471771149630974	0.7090378584528529
>M00210_2.00
0.582312545673708	0.0454679337191554	0.0651705268149834	0.307048993792153
0.000166176289790289	0.0269853447524101	0.0427467825950795	0.93010169636272
0.000693727266847134	0.00419680539960017	0.00845132823517253	0.9866581390983801
0.162207363222591	0.112042194467007	0.7125681355038058	0.0131823068065953
0.0628896656710114	0.0207258528847895	0.00825964701858828	0.9081248344256109
0.115258560982728	0.28066953937186	0.20177999311708103	0.40229190652833097
0.23959085858220897	0.30457967538506503	0.151249790647661	0.30457967538506503
0.24519058818117398	0.23091179992003102	0.215300735191341	0.308596876707454
0.21343227039680301	0.285236752976003	0.24064421289295604	0.260686763734237
>M00211_2.00
0.808544857583562	0.0360618731026327	0.0295249645237182	0.12586830479008698
0.000357429075605236	0.0687984814443798	0.022901025079427	0.907943064400588
0.000145589035995261	0.00350094366658062	0.00106506150788751	0.9952884057895359
0.268340642584199	0.11700974570630301	0.5912608128103659	0.0233887988991314
0.14024573040341	0.0168339234181268	0.0195582286661499	0.823362117512313
0.200067469663743	0.216730502546257	0.192222711972151	0.39097931581784895
0.20589636179805104	0.32943298325531606	0.16359157808809	0.30107907685854307
0.18891186499798301	0.27901919632019606	0.19466508780379999	0.33740385087802
0.236555371267411	0.251183138490798	0.280390229161103	0.23187126108068698
0.20775085840118698	0.30076810891462397	0.19370561645571202	0.29777541622847803
>M00212_2.00
0.25	0.00124378109452736	0.623134328358209	0.12562189054726403
0.914451827242525	0.000830564784053156	0.0838870431893688	0.000830564784053156
0.9976993865030681	0.000766871165644172	0.000766871165644172	0.000766871165644172
0.000766871165644172	0.9976993865030681	0.000766871165644172	0.000766871165644172
0.9976993865030681	0.000766871165644172	0.000766871165644172	0.000766871165644172
0.9976993865030681	0.000766871165644172	0.000766871165644172	0.000766871165644172
0.000766871165644172	0.000766871165644172	0.000766871165644172	0.9976993865030681
0.554203539823009	0.00110619469026549	0.00110619469026549	0.44358407079646
>M00213_2.00
0.307528737982363	0.218889829105052	0.256869593997378	0.216711838915207
0.315744026235307	0.153689117094607	0.318917306454261	0.21164955021582604
0.4175486742470779	0.178466538214214	0.285545424803682	0.11843936273502599
0.8617368762850091	0.0165924865727894	0.0308442385708876	0.09082639857131401
0.0119921057366228	0.7382249417877809	0.114921418527463	0.13486153394813302
