>M00008_2.00
0.28295895050258896	0.248464961579856	0.24599269390504502	0.22258339401250998
0.31665902396267703	0.18453249282953102	0.236944410987863	0.261864072219928
0.377777871501523	0.11265233353358699	0.20941258176308603	0.300157213201805
0.6163930334523089	0.0689847041998677	0.11148441459121801	0.203137847756605
0.675764369206464	0.0427703219414491	0.0631709440515372	0.21829436480055
0.326032179952778	0.133886990300119	0.0820227041025529	0.458058125644551
0.321153050529938	0.137265609257083	0.11238357564255498	0.429197764570424
>M00044_2.00
0.242572800451296	0.257572664714431	0.299256741848417	0.200597792985856
0.38866775584931895	0.112474314588133	0.40859517781427207	0.0902627517482759
0.19353867829633606	0.116219120656129	0.0970743694834276	0.5931678315641071
0.567331017604455	0.24007297480781398	0.0147455735478287	0.17785043403990197
0.7262541955591829	0.177310083749997	0.0221513863956163	0.0742843342952036
0.882729514948421	0.0146291897289233	0.0370778156232458	0.0655634796994096
0.0801658366733103	0.688212355881785	0.0496052883277091	0.18201651911719502
0.871824635293957	0.0404711064244862	0.0362553986289468	0.05144885965261
0.497501866950582	0.159110560470551	0.141118407781713	0.20226916479715304
>M00056_2.00
0.0709225440806045	0.0709225440806045	0.00795025188916876	0.850204659949622
0.8665022660623829	0.0133964276193015	0.0133964276193015	0.106704878699014
0.873259934193875	0.0127182991647684	0.0190458111870413	0.0949759554543154
6.20963735717834e-05	6.20963735717834e-05	6.20963735717834e-05	0.9998137108792851
0.751428216592151	0.0311102831594635	0.0186910084451068	0.198770491803279
0.6351232394366201	0.0503646881287726	0.00635060362173038	0.30816146881287704
0.669101814826207	0.0615964318671178	0.0308366656413411	0.23846508766533397
0.206916360294118	0.0575597426470588	0.0575597426470588	0.677964154411765
>M00060_2.00
0.32015438662375706	0.18105544996440898	0.206191085370554	0.29259907804128005
0.23169989416920397	0.238756206461997	0.197441625725751	0.332102273643048
0.22358942673199803	0.24221153444435897	0.287094506814406	0.247104532009237
0.161511900417437	0.025142982381614	0.0292119778945331	0.7841331393064159
0.13826370414623299	0.0513755696836976	0.0758807296926031	0.734479996477466
0.0923150511385656	0.7099589812366559	0.122144796283116	0.07558117134166299
0.14898912628392802	0.3814093947594221	0.14458583215026502	0.325015646806385
0.473500285965306	0.149927600877229	0.202381092532614	0.17419102062485098
0.18224703861047	0.285820251400577	0.15375541440895	0.37817729558000296
>M00111_2.00
0.22037684323367301	0.335405083126455	0.10203735838363301	0.34218071525623905
0.11178385563568599	0.19374970511141001	0.669524089636586	0.0249423496163177
0.009552885098204329	0.9891472542565459	0.000370405552393628	0.0009294550928559721
0.00043716724725914103	0.891192593513859	0.000323861462271249	0.108046377776611
0.0462226229272057	0.37746179249424605	0.19122855806831895	0.38508702651023
0.132612042892642	0.336106439721267	0.32945108630575604	0.201830431080335
0.43030690926787707	0.24826548973057397	0.229177931817072	0.092249669184477
0.301624022525262	0.0247588074843737	0.651437385096215	0.0221797848941492
0.0551007724268094	0.000431349650164324	0.9430919013205958	0.00137597660243071
0.0952369898480878	0.34945276940695896	0.43544496438115204	0.11986527636380098
>M00112_2.00
1.94011795238631e-05	0.999823320233314	3.75372534169443e-05	0.00011974133374526002
9.08528963419317e-05	0.899182839059778	9.26882465930375e-05	0.100633619797287
0.0230421044990656	0.234468950617137	0.17720782076099698	0.5652811241228011
0.107617916577863	0.390952920417022	0.394882062588589	0.10654710041652499
0.537857107909673	0.155647358567993	0.28645828581645	0.0200372477058837
0.0516492487120415	2.26969585288651e-05	0.9481148542788309	0.000213200050598331
1.40896539685254e-05	1.07557529223645e-05	0.999930209537075	4.4945056034357104e-05
1.0601673728354599e-05	0.66731126865474	0.33137696910751696	0.00130116056401435
0.201421798491112	0.246017140222317	0.349114940066573	0.203446121219998
0.59882632920962	0.108307198703776	0.129667258835303	0.163199213251302
>M00113_2.00
0.194724930949842	0.400049365035052	0.150142966810958	0.255082737204149
0.0896002211864971	0.325498478847876	0.526029759576138	0.0588715403894892
8.608853812387049e-05	0.989916898974391	0.00024356315675793102	0.009753449330727179
0.00124808824790943	0.8137172751289921	0.012324793663944	0.17270984295915398
0.0706894000376936	0.44957182626028097	0.225494469404755	0.254244304297271
0.114154144160938	0.272475765632486	0.444766611749864	0.168603478456712
0.5866909102342371	0.18208946331364104	0.161498866327	0.0697207601251223
0.19917493155017202	0.00192357126540435	0.79170075939043	0.007200737793994221
0.0193588864578867	0.000265312092937717	0.9756964872396641	0.00467931420951154
0.0617474939513211	0.5093082286500429	0.305837339583398	0.123106937815237
>M00114_2.00
0.213213787429274	0.17631908900295398	0.135951113189137	0.474516010378635
0.222123506147444	0.32157588855994396	0.13472471673266803	0.32157588855994396
0.00478362919641185	0.213833891119125	0.7538545943179069	0.0275278853665555
0.000430838687202067	0.9610038970142041	0.000168297583797166	0.0383969667147971
0.000296264943351167	0.937764501068933	0.00016422774162623799	0.0617750062460897
0.00127416399055201	0.327762830445553	0.13595042117340597	0.535012584390489
0.12283680061357699	0.314459927007858	0.39184119773214005	0.17086207464642403
0.45498992174206504	0.254748114012054	0.23050562573609	0.0597563385097914
0.11850520905443199	0.0011330996365641	0.841307237723707	0.0390544535852974
0.00287140224402626	0.00165665498037093	0.957954705172133	0.037517237603470005
>M00115_2.00
0.24657834723016397	0.267115134719493	0.23221874217354302	0.2540877758768
0.37832635001821996	0.0896360141820021	0.2461047314782	0.285932904321579
0.9322114936409621	0.0200365822266229	0.0244727367948736	0.0232791873375417
0.109458979242345	0.0571425978483104	0.0942122165276178	0.739186206381727
0.19844123835644603	0.33378364972671803	0.113351434001304	0.354423677915533
0.708755458566087	0.0564587654757789	0.13886615519520099	0.0959196207629333
0.607308176151133	0.100387366356177	0.141038988477037	0.15126546901565302
0.5193059562593351	0.108039102397705	0.18725910026111398	0.18539584108184698
0.347376666387168	0.20243314527108497	0.185009964398597	0.265180223943149
>M00116_2.00
0.299919556391047	0.199062317085634	0.199062317085634	0.30195580943768396
0.28279528766139	0.46626710684831396	0.0732191689609999	0.177718436529296
0.9287760493284241	0.0237413168905255	0.0237413168905255	0.0237413168905255
0.9995354555787141	0.000154848140428682	0.000154848140428682	0.000154848140428682
0.000154848140428682	0.000154848140428682	0.000154848140428682	0.9995354555787141
0.9995354555787141	0.000154848140428682	0.000154848140428682	0.000154848140428682
0.000154848140428682	0.000154848140428682	0.000154848140428682	0.9995354555787141
0.000154848140428682	0.0972585685218506	0.000154848140428682	0.9024317351972919
0.5422445083107	0.0510925310547946	0.14962085432816	0.257042106306345
0.176935679179429	0.277743367079905	0.176935679179429	0.368385274561238
0.22641353124990304	0.32075940625029	0.22641353124990304	0.22641353124990304
>M00117_2.00
0.315548023818622	0.18128073460969502	0.30496949906017495	0.19820173709748604
0.342566703674317	0.215649846232001	0.32909646817740695	0.11268685391255001
0.0362954509577013	0.956859052747812	2.5199753162631102e-11	0.00684524797583178
0.8874445236242171	0.026036071387677003	0.0520400833703172	0.0344794927042921
0.0223128363654101	0.23316679360950499	0.582931644852393	0.161588898665266
0.161588898665266	0.582931644852393	0.23316679360950499	0.0223128363654101
0.0344794927042921	0.0520400833703172	0.026036071387677003	0.8874445236242171
0.00684524797583178	2.5199753162631102e-11	0.956859052747812	0.0362954509577013
0.11268685391255001	0.32909646817740695	0.215649846232001	0.342566703674317
0.19820173709748604	0.30496949906017495	0.18128073460969502	0.315548023818622
>M00118_2.00
0.309763594366658	0.253612980900522	0.31919730026724297	0.11742612446557699
0.008886247725685059	0.98683700260951	0.0009748271387409551	0.00330192252606427
0.9876151632050091	0.0012156672610253302	0.00692607387172516	0.00424309566224099
0.00340049088266333	0.654531555656322	0.13892299653008403	0.20314495693093
0.0028838017065173	0.8036062896078509	0.18662653109394503	0.0068833775916866706
0.0117617872273052	0.0175465246729103	0.031653727237268996	0.939037960862516
0.0026128205650808897	0.00300545903705683	0.973044983719928	0.0213367366779349
0.12209901700427499	0.322090425346254	0.297326936655769	0.25848362099370303
>M00119_2.00
0.298964080477644	0.092788567224428	0.284383430221536	0.323863922076392
0.15728170749977302	0.786850691998771	0.029607819923834	0.0262597805776219
0.671266695207234	0.0955038458790061	0.14681400559463698	0.0864154533191234
0.00594069535628416	0.8905383691721991	0.0243328232427187	0.0791881122287981
0.0464987490052161	0.0230905954034053	0.9246593585057991	0.0057512970855798
0.0639226124638049	0.0561301539382051	0.0278734095485571	0.852073824049433
9.60642895782472e-05	0.00014331107974451202	0.9995072123702841	0.00025341226039322
0.46064165995235895	0.40448733690471	0.05640853240229499	0.0784624707406362
0.15795500079988298	0.404361866915698	0.242817513344063	0.194865618940355
>M00120_2.00
0.289475341899711	0.254186975091884	0.269905019805643	0.186432663202762
0.0525899374392902	0.7747379146800331	0.0520666588187363	0.120605489061941
0.5331450968672651	0.10550872112170401	0.232477539027382	0.128868642983649
0.26654356291813897	0.300527027992861	0.261265646751698	0.17166376233730302
0.190214429651065	0.45858791253391995	0.17384289914933101	0.17735475866568398
0.0006043872963152941	0.000377743431148289	0.000312378380685206	0.9987054908918509
0.0017652876201907602	0.00213467334439651	0.869843781192053	0.12625625784336
0.234495030736207	0.165245855267796	0.146559926122783	0.45369918787321395
0.018343297240028	0.468372647399566	0.0721873075340647	0.441096747826341
>M00121_2.00
0.18866040188819602	0.365018699337805	0.265057977052362	0.18126292172163602
0.161106663134074	0.707732819805177	0.0753441775250712	0.0558163395356785
0.553701561404099	0.0644974600614443	0.272224159822041	0.10957681871241498
0.0163833736699682	0.817513175380341	0.0764217254070223	0.0896817255426685
0.280382805405128	0.0691415485706815	0.649469471205549	0.00100617481864159
0.0589791734661022	0.00621635915098885	0.0304834645165699	0.9043210028663391
0.000164896173247578	9.82879186019919e-06	0.9998054822786749	1.97927562173001e-05
0.19446742572982104	0.254745414520058	0.333707436993366	0.21707972275675602
0.17807888066052302	0.273753099060567	0.23327700308101698	0.314891017197893
>M00122_2.00
0.35197688740352007	0.203072998464637	0.23358954938372303	0.21136056474812
0.22794682136155398	0.292689512269059	0.23488883557111603	0.24447483079826998
0.166971514047145	0.733496791286547	0.0544794313215046	0.0450522633448039
0.619064924179871	0.0441772589469988	0.23941780240051602	0.0973400144726142
0.007651350774311371	0.849699029007576	0.0548653610831945	0.0877842591349176
0.33022519916855997	0.0290719805856132	0.638917183906503	0.001785636339323
0.10173963275074499	0.0205408775999804	0.0215940309148748	0.8561254587343999
0.00038909385994019	4.8609578504567894e-05	0.968806904822578	0.0307553917389775
0.187081158735476	0.24506966733428304	0.354795840381699	0.213053333548542
>M00123_2.00
0.20402918816964605	0.22548712519986897	0.20607971560045	0.36440397103003397
0.236886737623269	0.35694514928339005	0.18083447799020302	0.225333635103137
0.36643064807751996	0.17308958207295702	0.224485086668966	0.23599468318055802
0.21109515109828897	0.124251655022577	0.47929150620617206	0.185361687672962
0.22148238544664497	0.544758764228236	0.112206739989821	0.12155211033529699
0.581821958258212	0.0538479582666388	0.253703049700252	0.11062703377489802
0.39756835060683793	0.193517291579693	0.18407934190184302	0.224835015911626
0.408499658512481	0.11022140091734699	0.16943867780391902	0.311840262766254
0.37477882896211895	0.157014171041964	0.132467331818955	0.335739668176962
0.299478998653812	0.21316026354468598	0.169362992111298	0.317997745690204
>M00124_2.00
0.26060024294712597	0.19305740829909399	0.290902336352727	0.25544001240105396
0.29793023905844	0.203742993142553	0.26161118165603003	0.23671558614297603
0.174845419346246	0.16631810762272	0.24564865061748498	0.413187822413548
0.186209518539145	0.177127973158042	0.390283142994319	0.24637936530849397
0.445740630679515	0.112138782932429	0.281388770307779	0.160731816080276
0.171869448661945	0.42273063057750104	0.18249726182200599	0.222902658938548
0.256025131187297	0.100010542808951	0.48071549482366704	0.16324883118008401
0.268048797437197	0.185150506687499	0.235372424298521	0.311428271576784
0.340202770825314	0.18301018823893497	0.278534470766432	0.19825257016931896
0.336612897177345	0.151249924417627	0.27013817763146697	0.24199900077355999
>M00125_2.00
0.226158758981284	0.20260073629549802	0.358252206553059	0.21298829817015902
0.460836224519383	0.137420108442501	0.369829732972602	0.0319139340655144
0.00417288499415343	0.0131787757989268	0.00161382581365573	0.981034513393264
0.0442732104200353	0.0369800938285227	0.742765039639438	0.175981656112004
0.987798821730448	0.000324808031536996	0.000224356058263362	0.011652014179751998
0.0411559906082369	0.637382212879946	0.12363942864415599	0.197822367867661
0.16679347815222303	0.107421074737148	0.49608951744945295	0.22969592966117602
0.20316766525308397	0.294132861548842	0.1361873587346	0.366512114463475
0.36658826411891704	0.277061449842655	0.220134631866832	0.136215654171596
0.35048041780899	0.20220961061575196	0.21471355461233604	0.232596416962922
>M00126_2.00
0.311330718637742	0.229556427120753	0.229556427120753	0.229556427120753
0.263927011169161	0.33661735759893296	0.247677352965119	0.151778278266787
0.0465124288490399	0.0465124288490399	0.86046271345288	0.0465124288490399
0.020237973478721	0.020237973478721	0.020237973478721	0.939286079563837
0.020237973478721	0.939286079563837	0.020237973478721	0.020237973478721
0.91925683644098	0.000208730355864384	0.000208730355864384	0.0803257028472908
0.000208730355864384	0.000208730355864384	0.999373808932407	0.000208730355864384
0.000208730355864384	0.999373808932407	0.000208730355864384	0.000208730355864384
0.9380430902946651	0.0206523032351118	0.0206523032351118	0.0206523032351118
0.40323939075783705	0.22054188487685997	0.17590072366814402	0.200318000697159
0.20369630150682397	0.20369630150682397	0.20369630150682397	0.388911095479527
0.22997075687714302	0.22997075687714302	0.22997075687714302	0.31008772936857
0.22997075687714302	0.22997075687714302	0.22997075687714302	0.31008772936857
>M00127_2.00
0.5893954918032789	0.0771004098360656	0.25640368852459	0.0771004098360656
0.0371946706143597	0.0371946706143597	0.0186898593634345	0.9069207994078459
0.00017531556802243998	0.00017531556802243998	0.999474053295933	0.00017531556802243998
0.00017531556802243998	0.0352384291725105	0.00017531556802243998	0.964410939691445
0.0177068723702665	0.00017531556802243998	0.9819424964936891	0.00017531556802243998
0.00017531556802243998	0.8767531556802242	0.00017531556802243998	0.122896213183731
0.679656274980016	0.0801358912869704	0.20003996802557997	0.040167865707434
0.0528391167192429	0.7889064143007359	0.0791272344900105	0.0791272344900105
>M00128_2.00
0.20413889863205897	0.20413889863205897	0.29702202125875	0.294700181477132
0.0755112622573315	0.258692602138075	0.0755112622573315	0.5902848733472621
0.0755112622573315	0.47576365272292	0.0755112622573315	0.37321382276241793
0.024713868512955	0.22720002897533997	0.117305331462645	0.63078077104906
0.000190627239870068	0.20467837372089104	0.000190627239870068	0.794940371799369
0.000190627239870068	0.297041083982737	0.000190627239870068	0.702577661537523
0.000190627239870068	0.813621841306635	0.000190627239870068	0.185996904213624
0.000190627239870068	0.27393324996568696	0.112086910771202	0.613789212023241
0.585740319948759	0.136641605538865	0.0460517286078111	0.231566345904564
0.174679364982539	0.174679364982539	0.475961905052384	0.174679364982539
0.386441446937002	0.174679364982539	0.264199823097921	0.174679364982539
0.32356972381925503	0.225476758726915	0.225476758726915	0.225476758726915
>M00129_2.00
0.29778675527366	0.20527143315279398	0.291670378420753	0.20527143315279398
0.12246784136260001	0.12246784136260001	0.516476179446978	0.238588137827822
0.8535022626852908	0.0488325791049031	0.0488325791049031	0.0488325791049031
0.000178164196123147	0.9994655074116311	0.000178164196123147	0.000178164196123147
0.000178164196123147	0.9994655074116311	0.000178164196123147	0.000178164196123147
0.000178164196123147	0.9994655074116311	0.000178164196123147	0.000178164196123147
0.000178164196123147	0.9994655074116311	0.000178164196123147	0.000178164196123147
0.000178164196123147	0.634038269669327	0.000178164196123147	0.36560540193842606
0.0449067310433295	0.6787668365165339	0.0449067310433295	0.231419701396807
0.33571345852337503	0.12771032283352302	0.22726134905929302	0.309314869583808
0.20134558509122	0.30089661131698997	0.20134558509122	0.29641221850057003
>M00130_2.00
0.20850778126407002	0.21485778856706	0.327005294101109	0.24962913606776102
0.18280989042447898	0.17045081205148196	0.423454793148164	0.223284504375875
0.150319323925737	0.191093312809737	0.494111824683531	0.164475538580995
0.15855498882892802	0.20358863559039	0.5534112885126701	0.0844450870680115
0.0384648445012699	0.934250584275722	0.000979948455547699	0.0263046227674606
0.0679700713200516	0.9243284558765501	0.000170174224225826	0.00753129857917284
0.009150618732050959	0.752816493256685	0.0112889175643601	0.226743970446904
0.0568744041919299	0.8720488133973621	0.0305952693797633	0.0404815130309454
0.24366382177602303	0.338928610131239	0.11979590412170801	0.297611663971031
0.23096840628967003	0.302560401468185	0.20079428612960898	0.26567690611253697
>M00131_2.00
0.7206541380892159	0.27916014330048	9.28593051523914e-05	9.28593051523914e-05
9.28593051523914e-05	0.27916014330048	9.28593051523914e-05	0.7206541380892159
9.28593051523914e-05	9.28593051523914e-05	9.28593051523914e-05	0.999721422084543
0.6128741997849381	0.0810002432913795	0.10787279760943	0.19825275931425304
0.204242184496582	9.28593051523914e-05	0.7955720968931129	9.28593051523914e-05
9.28593051523914e-05	0.190695869060951	9.28593051523914e-05	0.809118412328744
0.5552995734043521	0.259543615087037	9.28593051523914e-05	0.18506395220345803
9.28593051523914e-05	0.999721422084543	9.28593051523914e-05	9.28593051523914e-05
>M00132_2.00
0.262806426727316	0.18465019247261902	0.20144895075488697	0.35109425546601103
0.173312374207007	0.116217174001304	0.6757560358529119	0.0347141565759391
0.0133743234149248	0.942388937107789	1.50927767279899e-08	0.0442364731169088
0.0361614502488622	0.10455413528531801	1.4353348153715e-06	0.859282962738913
0.6771145440818499	0.0907102060716967	0.0281975415517672	0.2039779208848
4.06833868559899e-06	0.993136434103908	0.00018855103704226898	0.00667124707289668
0.000395667561291484	0.513152614666518	3.90813852637241e-06	0.486447928879866
0.0980015972153219	0.0698382218456108	0.668655694472491	0.163504674198904
0.203489090170631	0.14755178592928	0.20515443029121203	0.44380457686784
0.201231955661465	0.18187754951524698	0.19552450232773003	0.42136595042882397
>M00133_2.00
0.210214407571191	0.45857689986428296	0.118881595074104	0.21232709749042197
0.423406791245328	0.501866123730669	0.0287412507391725	0.0459858342848302
0.0297602196090288	0.909752503820572	0.0248578249252349	0.0356294516451644
0.15690874338825303	0.0140928050141127	0.668919941331565	0.160078510266069
0.000767376052937512	0.9875446309813729	3.89772043883716e-05	0.0116490157613014
0.000263797188945762	0.9996700793010029	3.04224427557677e-05	3.57010672950548e-05
0.00043390947821294397	0.833039163893857	1.2715680760522e-05	0.166514210947169
0.29678894259022	0.562854554750655	0.0135044769405829	0.12685202571854198
0.10201952086444098	0.541944813267098	0.11972101678456301	0.236314649083899
0.20757463322686395	0.29752282750255105	0.14923033029353602	0.34567220897704803
>M00134_2.00
0.23444088113604103	0.18076601318506602	0.41455408558204904	0.17023902009684302
0.21924190834352603	0.497788717205339	0.115604597314776	0.167364777136359
0.177318175739184	0.5380468949393571	0.0765501224727117	0.20808480684874697
0.515538231719686	0.352556701669295	0.0895871115518748	0.0423179550591436
0.00989471287848145	0.9745741058266809	0.000320459480145921	0.0152107218146911
0.228736022007577	0.010304375355510998	0.660217018005044	0.100742584631868
8.86864078096847e-05	0.9995961618268481	0.00024107465073966298	7.407711460275341e-05
0.000191497324613667	0.9993634810916341	0.000173273944767151	0.00027174763898562204
0.0011206722152867401	0.823800753256246	0.00022853376711724703	0.17485004076135002
0.342123520859963	0.258571394647775	0.0771052864381137	0.322199798054149
>M00135_2.00
0.34257217995168604	0.269476821187223	0.203666200162105	0.18428479869898604
0.0819754818300418	0.0533257964786405	0.6304413944274699	0.23425732726384804
0.37969308323070705	0.583686048793264	4.5930001508051004e-05	0.0365749379745211
0.00923364142869128	0.985208694095135	6.80749137455082e-05	0.005489589562427889
0.0013183110028466198	0.9985970788991809	4.0613748957562106e-05	4.39963490149299e-05
0.14630078367282198	0.8335258073451891	0.00017476110809768798	0.0199986478738907
0.026438008393817	0.7921911281114019	0.0214302330996156	0.15994063039516598
0.18968263559383702	0.45275554155750203	0.125882928567082	0.23167889428157798
0.311332197154493	0.219392091293697	0.206615690531375	0.262660021020435
0.306138301228051	0.207273041407293	0.20114719725974203	0.285441460104915
>M00136_2.00
0.00490196078431373	0.9852941176470591	0.00490196078431373	0.00490196078431373
0.00247524752475248	0.00247524752475248	0.9925742574257429	0.00247524752475248
0.00247524752475248	0.00247524752475248	0.00247524752475248	0.9925742574257429
0.00247524752475248	0.00247524752475248	0.9925742574257429	0.00247524752475248
0.00247524752475248	0.497524752475247	0.00247524752475248	0.497524752475247
0.00247524752475248	0.00247524752475248	0.9925742574257429	0.00247524752475248
0.00247524752475248	0.9925742574257429	0.00247524752475248	0.00247524752475248
0.9925742574257429	0.00247524752475248	0.00247524752475248	0.00247524752475248
0.495098039215686	0.495098039215686	0.00490196078431373	0.00490196078431373
>M00137_2.00
0.20727188886335002	0.352140908626821	0.166339587108208	0.27424761540162196
0.0749162195834295	0.8945943868567149	0.00652976148989507	0.0239596320699604
0.25294618842691396	0.641094435910783	0.0349240873284789	0.0710352883338247
0.119888882984499	0.45786085982396707	0.0242051480273793	0.39804510916415503
0.215899967696879	0.203326932380966	0.552699905434165	0.0280731944879903
0.0597895014213231	0.493158233834878	0.162524715218763	0.284527549525036
0.18388373740444197	0.14464807104524202	0.274322300935998	0.39714589061431804
0.12114976203383	0.079601065871325	0.7402792521086942	0.0589699199861507
0.235069741954229	0.267704094192394	0.183072499118076	0.31415366473530104
0.0576823065146198	0.125832351855035	0.604831846602125	0.211653495028221
>M00138_2.00
0.160575151256139	0.49708551064971707	0.13820831350532	0.20413102458882398
0.24269163040504002	0.12418738904931098	0.442212982413641	0.19090799813200798
0.0719406520944464	0.859062348692494	0.0249242569215158	0.0440727422915432
0.00928016583913228	0.97056600967673	0.0194506291602041	0.0007031953239334599
0.0336856903013669	0.7705257904191829	0.0221330756873578	0.17365544359209198
0.421922901219149	0.439141901464435	0.0770783624953961	0.0618568348210196
0.0449010680805179	0.8160385381389509	0.0486407463757608	0.0904196474047704
0.10373868757229598	0.19284275533228698	0.437849444590628	0.265569112504788
0.129970045690315	0.516618146019606	0.155602395381451	0.19780941290862697
0.33966527964705495	0.225418947815998	0.19793934812449399	0.23697642441245298
>M00139_2.00
0.173941570240294	0.560438458737582	0.130154139904594	0.13546583111753
0.26205971366086	0.41929402010030103	0.122556529966744	0.196089736272096
0.44915162526023	0.0539124010478542	0.154062833104552	0.342873140587364
0.0332464437720575	0.928850505998845	0.0229644600863995	0.0149385901426982
0.0267397783251023	0.959250529407029	0.00721492849698924	0.00679476377087962
0.0101422155911677	0.9694282586440408	0.0013863944756608	0.0190431312891302
0.0197029189755731	0.9540983853812851	0.00801060906501283	0.0181880865781286
0.0208507267989637	0.9508808879676349	0.0120298228740748	0.0162385623593264
0.36184753437923295	0.403922467469647	0.056329757486683	0.17790024066443696
0.293412869848153	0.354809394799954	0.0966968405713727	0.25508089478052
>M00140_2.00
0.200396825396825	0.7956349206349209	0.00198412698412698	0.00198412698412698
0.00124378109452736	0.7475124378109449	0.00124378109452736	0.25
0.9966814159292041	0.00110619469026549	0.00110619469026549	0.00110619469026549
0.00110619469026549	0.00110619469026549	0.00110619469026549	0.9966814159292041
0.00110619469026549	0.9966814159292041	0.00110619469026549	0.00110619469026549
0.00110619469026549	0.9966814159292041	0.00110619469026549	0.00110619469026549
0.00110619469026549	0.9966814159292041	0.00110619469026549	0.00110619469026549
0.9957386363636359	0.00142045454545455	0.00142045454545455	0.00142045454545455
>M00141_2.00
0.3843594154368579	0.0874946888604678	0.433364030771165	0.0947818649315085
0.00141708183885516	0.025497992244811002	0.0018195690985398103	0.971265356817794
0.136985878705044	0.00318954363682061	0.853954441401752	0.00587013625638413
0.000720265743368574	0.984235257916005	0.0134888706945438	0.00155560564608247
0.0141119436740944	0.9794796949870721	0.00171090335407926	0.00469745798475466
0.5478703681853011	0.386077723192807	0.009450226460039379	0.0566016821618521
0.432663006430154	0.219194431050669	0.19055848379196	0.157584078727216
0.11327494976833802	0.528381228498646	0.13697768742761302	0.22136613430540197
0.18099188193860602	0.346697339535407	0.21028256608678098	0.26202821243920604
>M00142_2.00
0.041210295728368	0.0138280394304491	0.8900602409638549	0.0549014238773275
0.0198931116389549	9.89707046714173e-05	0.18814330958036396	0.79186460807601
0.342821782178218	0.009615384615384609	0.647467631378522	9.52018278750952e-05
0.0189551112787627	0.9714258770275369	9.43040362127499e-05	0.00952470765748774
9.43040362127499e-05	0.0189551112787627	0.00952470765748774	0.9714258770275369
9.43040362127499e-05	0.980856280648812	9.43040362127499e-05	0.0189551112787627
0.26743375174337497	0.523128777312878	0.127963737796374	0.0814737331473733
0.100099933377748	0.28331112591605606	0.100099933377748	0.516489007328448
>M00143_2.00
0.23476186246484398	0.487149788162202	0.10761624899327	0.17047210037968502
0.22559578705531602	0.6709837001945761	0.0268091928478015	0.0766113199023065
0.034673679014431004	0.903233288856923	0.0281059379599216	0.0339870941687243
0.0455574615411875	0.896926949172342	0.000747496557476867	0.0567680927289942
0.0444788985745934	0.841356009157666	0.0218677923962756	0.0922972998714648
0.11781549180984101	0.8618832077683578	0.0028551368420376	0.0174461635797631
0.0604567971462131	0.8729942878932241	0.00548451690176049	0.061064398058802996
0.404090583976774	0.150150642092359	0.20066544542707604	0.245093328503791
0.240527392737488	0.299715587147901	0.174658734635611	0.28509828547899896
0.23464035004242997	0.249149698966724	0.264556255920961	0.251653695069885
>M00144_2.00
0.23934531707993803	0.21874514933130998	0.24663446716431398	0.29527506642443796
0.191857359701563	0.17888661649132398	0.532057825260742	0.0971981985463706
0.021077389641378	0.835642495223918	0.002358912918876	0.140921202215828
0.0327837372781197	0.170704258619168	0.000246580338581548	0.7962654237641309
0.546729378609328	0.158214853686294	0.0444317339596803	0.250624033744698
0.007922802206231941	0.906639544814224	0.00236255806384223	0.0830750949157019
0.000349638985554853	0.507321980529558	3.0406500958530496e-08	0.49232835007838704
0.126341071197004	0.131497148123961	0.544019539207949	0.198142241471085
0.17615107523887602	0.179709563005248	0.24016879984949696	0.403970561906378
>M00145_2.00
0.218334574745185	0.335636467653378	0.25621799696992603	0.18981096063151104
0.281736594929891	0.19460513832710502	0.347572255839601	0.17608601090340198
0.0377213682961894	0.82075670989674	0.0235759407497168	0.117945981057355
0.0592379701518024	0.0452210517020864	0.8639913209316128	0.0315496572144978
0.137688585158691	0.500193240936151	0.106165001938319	0.255953171966839
0.13129543928835602	0.0614024689825624	0.683652703584691	0.12364938814439
0.17949452452072304	0.539231351949407	0.125229080425098	0.15604504310477202
0.38756597260933795	0.270395603896668	0.135623964111036	0.206414459382958
0.199181577864901	0.37774405388975	0.137581553870401	0.285492814374948
>M00146_2.00
0.186931830842286	0.247540989755957	0.255890236767076	0.30963701871570004
0.105990763483373	0.0164901641824567	0.856228160830473	0.0212912095257947
0.119940434279071	0.0640831112132578	0.0560041025306885	0.7599725497915021
0.0832464834361299	0.00612568231335612	0.0749524863793297	0.835675313399134
0.007623322831056059	0.986081460189426	1.0291213475730599e-07	0.006295107950007629
0.00600876451001115	0.19320109305588898	0.0500063841599261	0.750784006198473
0.7123973524464791	0.09371781771034	0.11102390678127401	0.0828610466633233
0.15505167754351198	0.0975064702260197	0.6471729543833671	0.10026861329066601
0.48583759129495596	0.118963269716431	0.285418525214923	0.10978051847084598
0.197487952908126	0.257397823176506	0.19288727368567002	0.352226901752294
>M00147_2.00
0.164314691539366	0.159458458501586	0.29940088860390895	0.37682596135513896
0.30803720375311894	0.235149284848716	0.32383060891141197	0.13298290248675299
0.114834479500328	0.0825572327336885	0.064941819403507	0.7376664683624772
0.0020168942291378103	0.00294927334959778	0.9938226963536311	0.00121113606763354
0.00023821828565469502	0.000211280665951157	0.0313568310646306	0.968193669983764
0.00101434088068365	9.86910538284032e-05	0.996489917566586	0.0023970504989024102
0.000509134425849142	0.8246481408237021	0.0116459304350699	0.163196794315379
0.48789802981710906	0.16568798792709	0.202371765441322	0.144042216814479
0.157117215022544	0.34967079255618394	0.236747013926978	0.256464978494294
>M00148_2.00
0.10800753980976802	0.0541739972535915	0.0236225328429245	0.8141959300937159
0.0401507847464741	0.12061962334773801	0.0164881507361388	0.8227414411696491
0.317341255763957	0.134286786613908	0.3876014850550179	0.16077047256711702
0.124226721583305	0.0776419827770517	0.11128653771236999	0.686844757927273
0.0500229869928582	0.0920638759130179	0.0434878957025168	0.8144252413916071
0.13365657742502	0.0869448191908801	0.303467237286622	0.475931366097478
0.339638418861575	0.0889328488824986	0.267169042975935	0.30425968927999103
0.20415287273138397	0.251858919956918	0.141015397902617	0.402972809409081
0.17377230188894197	0.22090789111675896	0.18637221544906502	0.41894759154523403
0.251865596363106	0.24687832340756502	0.320183925358815	0.18107215487051398
>M00149_2.00
0.0420133111480865	0.582778702163062	0.291597337770383	0.0836106489184692
0.000293772032902468	0.000293772032902468	0.999118683901293	0.000293772032902468
0.000293772032902468	0.000293772032902468	0.000293772032902468	0.999118683901293
0.999118683901293	0.000293772032902468	0.000293772032902468	0.000293772032902468
0.000293772032902468	0.999118683901293	0.000293772032902468	0.000293772032902468
0.0296709753231492	0.059048178613396	0.910987074030552	0.000293772032902468
0.15636704119850198	0.6245318352059929	0.00031210986267166	0.21878901373283396
0.166805324459235	0.7491680532445921	0.0420133111480865	0.0420133111480865
>M00150_2.00
0.252930703438104	0.358925753270664	0.19698262990871304	0.191160913382518
0.11432408841823499	0.7720407206504649	0.0400063141773558	0.0736288767539438
0.211556663128527	0.648390328101471	0.0582353683399308	0.0818176404300715
0.10037490382983802	0.5549689764351279	0.01471565972939	0.329940460005644
0.20941064225276002	0.37401545483485105	0.405166105327688	0.011407797584701002
0.10469713013574	0.584684103201227	0.0752692516809892	0.23534951498204398
0.20094035823306103	0.18735554818840802	0.207059903194452	0.40464419038408006
0.19898023048578697	0.071751264320007	0.6475561288489481	0.0817123763452574
0.21992568692328	0.26594504841793803	0.22890102446986604	0.285228240188916
0.127958539175409	0.135871053337629	0.529379887800349	0.206790519686613
>M00151_2.00
0.223887747439473	0.34074854435276297	0.172629002712773	0.262734705494991
0.11734462896268599	0.8330679000698221	0.0212236293328271	0.0283638416346648
0.24451236500047602	0.632237983902462	0.0579317666237153	0.0653178844733465
0.127992743553926	0.48880985589302794	0.013762858788309998	0.369434541764735
0.22561884021581102	0.259523440422667	0.48243540086762304	0.0324223184938985
0.0715952194850984	0.5343378433868871	0.144175067063017	0.249891870064998
0.203029237289439	0.17128862424641597	0.228914825817766	0.39676731264638
0.18039038361143897	0.084362526181336	0.661905833310699	0.0733412568965258
0.24910944878349103	0.256695960948309	0.19595643287596698	0.298238157392233
0.10068082883792899	0.137270770542089	0.540208622195599	0.221839778424383
>M00152_2.00
0.19938132807493697	0.6049944064245141	0.0449350993845353	0.15068916611601302
0.624109786547662	0.00846827047501337	0.329088362253274	0.0383335807240502
0.0319924164128733	0.8502231862372941	0.10516167074839801	0.0126227266014349
0.011205092621347999	4.2082594105125605e-11	0.00011722833956137199	0.9886776789970079
0.0208605516800789	0.0127797245575219	0.9049320838173291	0.0614276399450705
0.0407633928432413	0.571225723399705	0.236934668814358	0.151076214942697
0.50669867035226	0.21874714822962302	0.11885645311037801	0.155697728307739
0.23248018763816503	0.25437384278077596	0.234816652367291	0.27832931721376697
0.221121015945343	0.249313249291355	0.25948791600960197	0.270077818753699
>M00153_2.00
0.328843577877036	0.158472676531907	0.193558964202559	0.319124781388498
0.34006247008962104	0.13825908277589802	0.13825908277589802	0.3834193643585829
0.250780641145707	0.15210614773010597	0.248285332074236	0.348827879049951
0.14666225553578197	0.21232802399048198	0.47729386085815007	0.16371585961558702
0.0491484979435091	0.10938199373242999	0.8412141669005508	0.00025534142351
0.0986661116261265	0.8816027342520509	9.02047344252513e-06	0.0197221336483805
0.0012280856392551	1.33726536030681e-05	0.9779480646279091	0.0208104770792331
0.0225806909007298	0.6245898258175141	0.326064480811723	0.0267650024700323
0.13556626962152	0.28413815903175393	0.361210393228366	0.21908517811835998
0.23482140428296	0.292605487709977	0.182879093545217	0.289694014461846
>M00154_2.00
0.323790592755454	0.15760580150149697	0.18495212138838601	0.333651484354664
0.356499378697037	0.12351128115075301	0.133798173580769	0.38619116657144004
0.252757883752165	0.14437759417213503	0.24775294232253198	0.355111579753168
0.126742173966619	0.20076898056657003	0.545746671500192	0.126742173966619
0.0232070150549405	0.0747728316544645	0.9018557685128009	0.000164384777794226
0.0697405548006561	0.911217845043276	0.00022419972329277402	0.0188174004327752
0.00017553967584163401	2.54792677191168e-05	0.982509300727006	0.0172896803294328
0.0114090466118411	0.610578337618563	0.359389443932401	0.0186231718371942
0.10846386661200501	0.261495504132897	0.38622383726551207	0.24381679198958603
0.25079721074565803	0.271685375006052	0.16811439786399598	0.309403016384294
>M00155_2.00
0.40015783467846106	0.14143766021443	0.192839658010352	0.26556484709675604
0.346222709099382	0.154019964873487	0.20176067867825198	0.297996647348879
0.25272605505966	0.215358938134841	0.384639339876679	0.14727566692882002
0.32210313883307895	0.282837294500707	0.30639398338465	0.0886655832815643
0.16912883534907003	0.0338067593784251	0.742973786579822	0.0540906186926835
0.0487517290274647	0.0239685046954161	0.8949256691112241	0.0323540971658951
0.9061215164698249	0.00229142391711756	0.0093855701741008	0.0822014894389571
0.833294197092708	0.0379165145815337	0.000358935259972454	0.128430353065785
0.17048002011333702	0.30754398131061106	0.43208317550986797	0.0898928230661844
0.18562533789313898	0.22672329967943602	0.11718224001273801	0.47046912241468697
>M00156_2.00
0.41134931616517795	0.141096319104512	0.19046010905013	0.25709425568018
0.256227762694339	0.286021432533117	0.21401941752164397	0.24373138725090002
0.25568941260725603	0.34514460559435395	0.285420484136688	0.113745497661703
0.36072465180895796	0.386880140240612	0.177348181964265	0.0750470259861646
0.14315044477816102	0.0280474056891832	0.7453814780040151	0.0834206715286401
0.125128175356779	0.0233206355624157	0.756981348543658	0.0945698405371466
0.888187339909861	1.7234927095311702e-05	0.0396140039019221	0.0721814212611215
0.7876956662188449	2.8130856939686895e-05	0.0293446957356724	0.182931507188543
0.390316064763586	0.11071472340129401	0.4144518622655421	0.0845173495695782
0.222955787475688	0.19774404440056198	0.143591647436285	0.435708520687466
>M00157_2.00
0.31017338524865	0.23915968058053302	0.23209144382544197	0.21857549034537602
0.5154680748945649	0.09999051899534499	0.27180241075733497	0.112738995352755
0.10086791011411	0.708969026865573	0.159782232320111	0.0303808307002067
0.12554155057149402	0.8477932386411479	0.0215987789786268	0.005066431808731339
0.0085112685472212	0.00618044946017425	0.9837688846601899	0.00153939733241488
0.0017654094547968	0.0052508115678933	0.990671155350643	0.00231262362666673
0.980239108722157	0.00891554632682366	0.004748346875668621	0.00609699807535093
0.784085721955039	0.0209999142464562	0.005389854307691361	0.189524509490813
0.330436609745695	0.0694366509711533	0.572730251002402	0.0273964882807491
0.0858380405071609	0.235677011103327	0.0929872391947105	0.5854977091948019
>M00158_2.00
0.49792901441391707	0.0965882913006242	0.14554095515536497	0.259941739130094
0.239502291241743	0.27549321037513597	0.259449734777196	0.225554763605924
0.23866632975795601	0.401443365669782	0.297396559875035	0.0624937446972264
0.33940169872134	0.554010897857408	0.0934273714093682	0.0131600320118835
0.00933634173355213	0.0012385167552338	0.9862545616320291	0.00317057987918468
0.00669669157474901	0.0031950847386645	0.9839879084181871	0.006120315268399229
0.979496521844577	0.00437995603795759	0.00545776129969188	0.0106657608177736
0.868198684634277	0.0198146306877282	0.00460167601719852	0.10738500866079599
0.352315824362791	0.0960172633489269	0.5308757500897929	0.0207911621984886
0.12374256983080302	0.24425270308994398	0.082947125111155	0.5490576019680979
>M00159_2.00
0.40121255166294895	0.13489427737607798	0.18951938996945702	0.27437378099151605
0.28800450398737504	0.29975819076397	0.235798144447398	0.17643916080125702
0.207309804841041	0.5048262526956621	0.205247037817792	0.0826169046455051
0.27637634871375705	0.6150868756466751	0.0849245758288725	0.0236121998106963
0.0012560800541507198	0.0181377572774525	0.9804344622709429	0.00017170039745347099
0.00507709499697475	0.055965713630243	0.8931363405041991	0.0458208508685831
0.81046796392611	0.0284347450498608	0.0765245660778543	0.0845727249461746
0.293995198448122	0.18191934608519397	0.06759698866253201	0.45648846680415206
0.285184843483185	0.231166341325141	0.308937052838067	0.174711762353607
0.171413568588382	0.27701708036176503	0.125722760143274	0.42584659090657895
>M00160_2.00
0.27234211625268	0.21328671951678302	0.238265246125668	0.27610603260575106
0.383328193588782	0.0712158008913969	0.521887986157601	0.0235682185335831
0.11742758264235198	0.10526520597022601	0.0210018079705617	0.7563055080973851
0.8349385026045909	0.15226585006491597	7.0390373555883406e-06	0.0127883643888478
0.9082916124719341	0.0590962010588429	0.00296668656625975	0.0296454989332124
0.977392902172744	0.0144893649085107	0.00162798954200791	0.00648962664276037
0.00128198537517329	0.8436319706146109	6.761262093822791e-07	0.15508512995906304
